668457000 1 3 1 3 1 3 1 3 1 3 1 3 1 3 1 3 
2373808770 1 3 1 3 1 3 1 3 1 3 1 3 1 3 1 3 
3944420580 1 3 1 3 1 3 1 3 1 3 1 3 1 3 1 3 
1102167630 1 3 1 3 1 3 1 3 1 3 1 3 1 3 1 3 
3609667800 1 3 1 3 1 3 1 3 1 3 1 3 1 3 1 3 
2106425970 1 3 1 3 1 3 1 3 1 3 1 3 1 3 1 3 
468444180 1 3 1 3 1 3 1 3 1 3 1 3 1 3 1 3 
2973847230 1 3 1 3 1 3 1 3 1 3 1 3 1 3 1 3 
3637978920 1 3 1 3 1 3 1 3 1 3 1 3 1 3 1 3 
1920830850 1 3 1 3 1 3 1 3 1 3 1 3 1 3 1 3 
337374180 1 3 1 3 1 3 1 3 1 3 1 3 1 3 1 3 
3199287630 1 3 1 3 1 3 1 3 1 3 1 3 1 3 1 3 
673699800 1 3 1 3 1 3 1 3 1 3 1 3 1 3 1 3 
2190310770 1 3 1 3 1 3 1 3 1 3 1 3 1 3 1 3 
3840613140 1 3 1 3 1 3 1 3 1 3 1 3 1 3 1 3 
1312928190 1 3 1 3 1 3 1 3 1 3 1 3 1 3 1 3 
1203222600 1 3 1 3 1 3 1 3 1 3 1 3 1 3 1 3 
3978105570 1 3 1 3 1 3 1 3 1 3 1 3 1 3 1 3 
2340123780 1 3 1 3 1 3 1 3 1 3 1 3 1 3 1 3 
567402030 1 3 1 3 1 3 1 3 1 3 1 3 1 3 1 3 
3074902200 1 3 1 3 1 3 1 3 1 3 1 3 1 3 1 3 
502129170 1 3 1 3 1 3 1 3 1 3 1 3 1 3 1 3 
2072740980 1 3 1 3 1 3 1 3 1 3 1 3 1 3 1 3 
3508612830 1 3 1 3 1 3 1 3 1 3 1 3 1 3 1 3 
3099019080 1 3 1 3 1 3 1 3 1 3 1 3 1 3 1 3 
303951330 1 3 1 3 1 3 1 3 1 3 1 3 1 3 1 3 
1954253700 1 3 1 3 1 3 1 3 1 3 1 3 1 3 1 3 
3738247470 1 3 1 3 1 3 1 3 1 3 1 3 1 3 1 3 
1212659640 1 3 1 3 1 3 1 3 1 3 1 3 1 3 1 3 
3807190290 1 3 1 3 1 3 1 3 1 3 1 3 1 3 1 3 
2223733620 1 3 1 3 1 3 1 3 1 3 1 3 1 3 1 3 
773968350 1 3 1 3 1 3 1 3 1 3 1 3 1 3 1 3 
1266136200 1 3 1 3 1 3 1 3 1 3 1 3 1 3 1 3 
3789364770 1 3 1 3 1 3 1 3 1 3 1 3 1 3 1 3 
2277210180 1 3 1 3 1 3 1 3 1 3 1 3 1 3 1 3 
756142830 1 3 1 3 1 3 1 3 1 3 1 3 1 3 1 3 
3146204280 1 3 1 3 1 3 1 3 1 3 1 3 1 3 1 3 
288222930 1 3 1 3 1 3 1 3 1 3 1 3 1 3 1 3 
2001438900 1 3 1 3 1 3 1 3 1 3 1 3 1 3 1 3 
3722519070 1 3 1 3 1 3 1 3 1 3 1 3 1 3 1 3 
3027717000 1 3 1 3 1 3 1 3 1 3 1 3 1 3 1 3 
517857570 1 3 1 3 1 3 1 3 1 3 1 3 1 3 1 3 
2025555780 1 3 1 3 1 3 1 3 1 3 1 3 1 3 1 3 
3524341230 1 3 1 3 1 3 1 3 1 3 1 3 1 3 1 3 
1149746040 1 3 1 3 1 3 1 3 1 3 1 3 1 3 1 3 
3995931090 1 3 1 3 1 3 1 3 1 3 1 3 1 3 1 3 
2286647220 1 3 1 3 1 3 1 3 1 3 1 3 1 3 1 3 
585227550 1 3 1 3 1 3 1 3 1 3 1 3 1 3 1 3 
1898233320 1 3 1 3 1 3 1 3 1 3 1 3 1 3 1 3 
3683522370 1 3 1 3 1 3 1 3 1 3 1 3 1 3 1 3 
3186127140 1 3 1 3 1 3 1 3 1 3 1 3 1 3 1 3 
390257550 1 3 1 3 1 3 1 3 1 3 1 3 1 3 1 3 
1910194920 1 3 1 3 1 3 1 3 1 3 1 3 1 3 1 3 
3681675330 1 3 1 3 1 3 1 3 1 3 1 3 1 3 1 3 
3172437540 1 3 1 3 1 3 1 3 1 3 1 3 1 3 1 3 
398271630 1 3 1 3 1 3 1 3 1 3 1 3 1 3 1 3 
979433132 1 3 1 3 1 3 1 3 1 3 1 3 1 3 1 3 
1614458102 1 3 1 3 1 3 1 3 1 3 1 3 1 3 1 3 
1875550982 1 3 1 3 1 3 1 3 1 3 1 3 1 3 1 3 
898693468 1 3 1 3 1 3 1 3 1 3 1 3 1 3 1 3 
1865767942 1 3 1 3 1 3 1 3 1 3 1 3 1 3 1 3 
896468572 1 3 1 3 1 3 1 3 1 3 1 3 1 3 1 3 
983501228 1 3 1 3 1 3 1 3 1 3 1 3 1 3 1 3 
1623544822 1 3 1 3 1 3 1 3 1 3 1 3 1 3 1 3 
916519532 1 3 1 3 1 3 1 3 1 3 1 3 1 3 1 3 
2687921402 1 3 1 3 1 3 1 3 1 3 1 3 1 3 1 3 
2949014282 1 3 1 3 1 3 1 3 1 3 1 3 1 3 1 3 
961607068 1 3 1 3 1 3 1 3 1 3 1 3 1 3 1 3 
2939788298 1 3 1 3 1 3 1 3 1 3 1 3 1 3 1 3 
967772828 1 3 1 3 1 3 1 3 1 3 1 3 1 3 1 3 
912196972 1 3 1 3 1 3 1 3 1 3 1 3 1 3 1 3 
2697565178 1 3 1 3 1 3 1 3 1 3 1 3 1 3 1 3 
1266203528 1 3 1 3 1 3 1 3 1 3 1 3 1 3 1 3 
2276751172 1 3 1 3 1 3 1 3 1 3 1 3 1 3 1 3 
3146271608 1 3 1 3 1 3 1 3 1 3 1 3 1 3 1 3 
2000979892 1 3 1 3 1 3 1 3 1 3 1 3 1 3 1 3 
3777883682 1 3 1 3 1 3 1 3 1 3 1 3 1 3 1 3 
769729262 1 3 1 3 1 3 1 3 1 3 1 3 1 3 1 3 
299704018 1 3 1 3 1 3 1 3 1 3 1 3 1 3 1 3 
3708932638 1 3 1 3 1 3 1 3 1 3 1 3 1 3 1 3 
2075691848 1 3 1 3 1 3 1 3 1 3 1 3 1 3 1 3 
3077851012 1 3 1 3 1 3 1 3 1 3 1 3 1 3 1 3 
2336783288 1 3 1 3 1 3 1 3 1 3 1 3 1 3 1 3 
1199880052 1 3 1 3 1 3 1 3 1 3 1 3 1 3 1 3 
787292642 1 3 1 3 1 3 1 3 1 3 1 3 1 3 1 3 
3793874222 1 3 1 3 1 3 1 3 1 3 1 3 1 3 1 3 
3726496018 1 3 1 3 1 3 1 3 1 3 1 3 1 3 1 3 
315694558 1 3 1 3 1 3 1 3 1 3 1 3 1 3 1 3 
3395352156 1 3 1 3 1 3 1 3 1 3 1 3 1 3 1 3 
1623874806 1 3 1 3 1 3 1 3 1 3 1 3 1 3 1 3 
3314612652 1 3 1 3 1 3 1 3 1 3 1 3 1 3 1 3 
1866093318 1 3 1 3 1 3 1 3 1 3 1 3 1 3 1 3 
3312387756 1 3 1 3 1 3 1 3 1 3 1 3 1 3 1 3 
1875225606 1 3 1 3 1 3 1 3 1 3 1 3 1 3 1 3 
3399420252 1 3 1 3 1 3 1 3 1 3 1 3 1 3 1 3 
1614128118 1 3 1 3 1 3 1 3 1 3 1 3 1 3 1 3 
1711036864 1 3 1 3 1 3 1 3 1 3 1 3 1 3 1 3 
60440486 1 3 1 3 1 3 1 3 1 3 1 3 1 3 1 3 
1067844506 1 3 1 3 1 3 1 3 1 3 1 3 1 3 1 3 
1505781244 1 3 1 3 1 3 1 3 1 3 1 3 1 3 1 3 
3483962474 1 3 1 3 1 3 1 3 1 3 1 3 1 3 1 3 
2848942604 1 3 1 3 1 3 1 3 1 3 1 3 1 3 1 3 
2515752496 1 3 1 3 1 3 1 3 1 3 1 3 1 3 1 3 
4086640726 1 3 1 3 1 3 1 3 1 3 1 3 1 3 1 3 
1305768424 1 3 1 3 1 3 1 3 1 3 1 3 1 3 1 3 
733091726 1 3 1 3 1 3 1 3 1 3 1 3 1 3 1 3 
395193266 1 3 1 3 1 3 1 3 1 3 1 3 1 3 1 3 
1911049684 1 3 1 3 1 3 1 3 1 3 1 3 1 3 1 3 
1294700264 1 3 1 3 1 3 1 3 1 3 1 3 1 3 1 3 
726526094 1 3 1 3 1 3 1 3 1 3 1 3 1 3 1 3 
393335986 1 3 1 3 1 3 1 3 1 3 1 3 1 3 1 3 
1897378516 1 3 1 3 1 3 1 3 1 3 1 3 1 3 1 3 
2469834506 1 3 1 3 1 3 1 3 1 3 1 3 1 3 1 3 
4115712364 1 3 1 3 1 3 1 3 1 3 1 3 1 3 1 3 
3379361104 1 3 1 3 1 3 1 3 1 3 1 3 1 3 1 3 
2936705846 1 3 1 3 1 3 1 3 1 3 1 3 1 3 1 3 
1825156874 1 3 1 3 1 3 1 3 1 3 1 3 1 3 1 3 
179292524 1 3 1 3 1 3 1 3 1 3 1 3 1 3 1 3 
915666256 1 3 1 3 1 3 1 3 1 3 1 3 1 3 1 3 
1358271286 1 3 1 3 1 3 1 3 1 3 1 3 1 3 1 3 
1509713344 1 3 1 3 1 3 1 3 1 3 1 3 1 3 1 3 
1067058086 1 3 1 3 1 3 1 3 1 3 1 3 1 3 1 3 
61226906 1 3 1 3 1 3 1 3 1 3 1 3 1 3 1 3 
1707104764 1 3 1 3 1 3 1 3 1 3 1 3 1 3 1 3 
212455274 1 3 1 3 1 3 1 3 1 3 1 3 1 3 1 3 
1791994124 1 3 1 3 1 3 1 3 1 3 1 3 1 3 1 3 
1458804016 1 3 1 3 1 3 1 3 1 3 1 3 1 3 1 3 
815133526 1 3 1 3 1 3 1 3 1 3 1 3 1 3 1 3 
756994590 1 3 1 3 1 3 1 3 1 3 1 3 1 3 1 3 
517136850 1 3 1 3 1 3 1 3 1 3 1 3 1 3 1 3 
2018212020 1 3 1 3 1 3 1 3 1 3 1 3 1 3 1 3 
1267157880 1 3 1 3 1 3 1 3 1 3 1 3 1 3 1 3 
1600954476 1 3 1 3 1 3 1 3 1 3 1 3 1 3 1 3 
2946257052 1 3 1 3 1 3 1 3 1 3 1 3 1 3 1 3 
2691456876 1 3 1 3 1 3 1 3 1 3 1 3 1 3 1 3 
1352445852 1 3 1 3 1 3 1 3 1 3 1 3 1 3 1 3 
3337995786 1 3 1 3 1 3 1 3 1 3 1 3 1 3 1 3 
906311418 1 3 1 3 1 3 1 3 1 3 1 3 1 3 1 3 
972372234 1 3 1 3 1 3 1 3 1 3 1 3 1 3 1 3 
3372599802 1 3 1 3 1 3 1 3 1 3 1 3 1 3 1 3 
1500161642 1 3 1 3 1 3 1 3 1 3 1 3 1 3 1 3 
2510711462 1 3 1 3 1 3 1 3 1 3 1 3 1 3 1 3 
2845464218 1 3 1 3 1 3 1 3 1 3 1 3 1 3 1 3 
1700174422 1 3 1 3 1 3 1 3 1 3 1 3 1 3 1 3 
2791987562 1 3 1 3 1 3 1 3 1 3 1 3 1 3 1 3 
1789302182 1 3 1 3 1 3 1 3 1 3 1 3 1 3 1 3 
1452976538 1 3 1 3 1 3 1 3 1 3 1 3 1 3 1 3 
2589353302 1 3 1 3 1 3 1 3 1 3 1 3 1 3 1 3 
2794825322 1 3 1 3 1 3 1 3 1 3 1 3 1 3 1 3 
1784244902 1 3 1 3 1 3 1 3 1 3 1 3 1 3 1 3 
1449481882 1 3 1 3 1 3 1 3 1 3 1 3 1 3 1 3 
2594806358 1 3 1 3 1 3 1 3 1 3 1 3 1 3 1 3 
1502959978 1 3 1 3 1 3 1 3 1 3 1 3 1 3 1 3 
2505676198 1 3 1 3 1 3 1 3 1 3 1 3 1 3 1 3 
2842012058 1 3 1 3 1 3 1 3 1 3 1 3 1 3 1 3 
1705600342 1 3 1 3 1 3 1 3 1 3 1 3 1 3 1 3 
1701485162 1 3 1 3 1 3 1 3 1 3 1 3 1 3 1 3 
2846250662 1 3 1 3 1 3 1 3 1 3 1 3 1 3 1 3 
2509925018 1 3 1 3 1 3 1 3 1 3 1 3 1 3 1 3 
1498850902 1 3 1 3 1 3 1 3 1 3 1 3 1 3 1 3 
2590664042 1 3 1 3 1 3 1 3 1 3 1 3 1 3 1 3 
1453762982 1 3 1 3 1 3 1 3 1 3 1 3 1 3 1 3 
1788515738 1 3 1 3 1 3 1 3 1 3 1 3 1 3 1 3 
2790676822 1 3 1 3 1 3 1 3 1 3 1 3 1 3 1 3 
2593495658 1 3 1 3 1 3 1 3 1 3 1 3 1 3 1 3 
1448695462 1 3 1 3 1 3 1 3 1 3 1 3 1 3 1 3 
1785031322 1 3 1 3 1 3 1 3 1 3 1 3 1 3 1 3 
2796136022 1 3 1 3 1 3 1 3 1 3 1 3 1 3 1 3 
1704289642 1 3 1 3 1 3 1 3 1 3 1 3 1 3 1 3 
2841225638 1 3 1 3 1 3 1 3 1 3 1 3 1 3 1 3 
2506462618 1 3 1 3 1 3 1 3 1 3 1 3 1 3 1 3 
1504270678 1 3 1 3 1 3 1 3 1 3 1 3 1 3 1 3 
568516322 1 3 1 3 1 3 1 3 1 3 1 3 1 3 1 3 
305065262 1 3 1 3 1 3 1 3 1 3 1 3 1 3 1 3 
1958179912 1 3 1 3 1 3 1 3 1 3 1 3 1 3 1 3 
1199261572 1 3 1 3 1 3 1 3 1 3 1 3 1 3 1 3 
1873580204 1 3 1 3 1 3 1 3 1 3 1 3 1 3 1 3 
2673631324 1 3 1 3 1 3 1 3 1 3 1 3 1 3 1 3 
2427219884 1 3 1 3 1 3 1 3 1 3 1 3 1 3 1 3 
1616682844 1 3 1 3 1 3 1 3 1 3 1 3 1 3 1 3 
989411846 1 3 1 3 1 3 1 3 1 3 1 3 1 3 1 3 
3389639414 1 3 1 3 1 3 1 3 1 3 1 3 1 3 1 3 
3321480454 1 3 1 3 1 3 1 3 1 3 1 3 1 3 1 3 
889796086 1 3 1 3 1 3 1 3 1 3 1 3 1 3 1 3 
2066630882 1 3 1 3 1 3 1 3 1 3 1 3 1 3 1 3 
1192391902 1 3 1 3 1 3 1 3 1 3 1 3 1 3 1 3 
2217654242 1 3 1 3 1 3 1 3 1 3 1 3 1 3 1 3 
3088223198 1 3 1 3 1 3 1 3 1 3 1 3 1 3 1 3 
498585988 1 3 1 3 1 3 1 3 1 3 1 3 1 3 1 3 
562818488 1 3 1 3 1 3 1 3 1 3 1 3 1 3 1 3 
1305771544 1 3 1 3 1 3 1 3 1 3 1 3 1 3 1 3 
733091966 1 3 1 3 1 3 1 3 1 3 1 3 1 3 1 3 
410921906 1 3 1 3 1 3 1 3 1 3 1 3 1 3 1 3 
2115522004 1 3 1 3 1 3 1 3 1 3 1 3 1 3 1 3 
3561822334 1 3 1 3 1 3 1 3 1 3 1 3 1 3 1 3 
2179419604 1 3 1 3 1 3 1 3 1 3 1 3 1 3 1 3 
2010268702 1 3 1 3 1 3 1 3 1 3 1 3 1 3 1 3 
2015513582 1 3 1 3 1 3 1 3 1 3 1 3 1 3 1 3 
515625608 1 3 1 3 1 3 1 3 1 3 1 3 1 3 1 3 
3531021892 1 3 1 3 1 3 1 3 1 3 1 3 1 3 1 3 
290184568 1 3 1 3 1 3 1 3 1 3 1 3 1 3 1 3 
3716616628 1 3 1 3 1 3 1 3 1 3 1 3 1 3 1 3 
2098482904 1 3 1 3 1 3 1 3 1 3 1 3 1 3 1 3 
460466366 1 3 1 3 1 3 1 3 1 3 1 3 1 3 1 3 
3629050754 1 3 1 3 1 3 1 3 1 3 1 3 1 3 1 3 
3190328804 1 3 1 3 1 3 1 3 1 3 1 3 1 3 1 3 
3611368306 1 3 1 3 1 3 1 3 1 3 1 3 1 3 1 3 
2972155156 1 3 1 3 1 3 1 3 1 3 1 3 1 3 1 3 
1704618602 1 3 1 3 1 3 1 3 1 3 1 3 1 3 1 3 
2841028262 1 3 1 3 1 3 1 3 1 3 1 3 1 3 1 3 
2506791578 1 3 1 3 1 3 1 3 1 3 1 3 1 3 1 3 
1504073302 1 3 1 3 1 3 1 3 1 3 1 3 1 3 1 3 
2593822058 1 3 1 3 1 3 1 3 1 3 1 3 1 3 1 3 
1448499622 1 3 1 3 1 3 1 3 1 3 1 3 1 3 1 3 
1785357722 1 3 1 3 1 3 1 3 1 3 1 3 1 3 1 3 
2795940182 1 3 1 3 1 3 1 3 1 3 1 3 1 3 1 3 
2590337642 1 3 1 3 1 3 1 3 1 3 1 3 1 3 1 3 
1453958822 1 3 1 3 1 3 1 3 1 3 1 3 1 3 1 3 
1788189338 1 3 1 3 1 3 1 3 1 3 1 3 1 3 1 3 
2790872662 1 3 1 3 1 3 1 3 1 3 1 3 1 3 1 3 
1701156202 1 3 1 3 1 3 1 3 1 3 1 3 1 3 1 3 
2846448038 1 3 1 3 1 3 1 3 1 3 1 3 1 3 1 3 
2509596058 1 3 1 3 1 3 1 3 1 3 1 3 1 3 1 3 
1499048278 1 3 1 3 1 3 1 3 1 3 1 3 1 3 1 3 
2378072654 1 3 1 3 1 3 1 3 1 3 1 3 1 3 1 3 
3195187586 1 3 1 3 1 3 1 3 1 3 1 3 1 3 1 3 
3639290084 1 3 1 3 1 3 1 3 1 3 1 3 1 3 1 3 
3945208616 1 3 1 3 1 3 1 3 1 3 1 3 1 3 1 3 
1907523138 1 3 1 3 1 3 1 3 1 3 1 3 1 3 1 3 
1301168766 1 3 1 3 1 3 1 3 1 3 1 3 1 3 1 3 
1115573646 1 3 1 3 1 3 1 3 1 3 1 3 1 3 1 3 
2118283698 1 3 1 3 1 3 1 3 1 3 1 3 1 3 1 3 
619173096 1 3 1 3 1 3 1 3 1 3 1 3 1 3 1 3 
417065172 1 3 1 3 1 3 1 3 1 3 1 3 1 3 1 3 
388753188 1 3 1 3 1 3 1 3 1 3 1 3 1 3 1 3 
722983704 1 3 1 3 1 3 1 3 1 3 1 3 1 3 1 3 
3887211662 1 3 1 3 1 3 1 3 1 3 1 3 1 3 1 3 
3565033282 1 3 1 3 1 3 1 3 1 3 1 3 1 3 1 3 
414374798 1 3 1 3 1 3 1 3 1 3 1 3 1 3 1 3 
2396762648 1 3 1 3 1 3 1 3 1 3 1 3 1 3 1 3 
1910197528 1 3 1 3 1 3 1 3 1 3 1 3 1 3 1 3 
3172434388 1 3 1 3 1 3 1 3 1 3 1 3 1 3 1 3 
495247032 1 3 1 3 1 3 1 3 1 3 1 3 1 3 1 3 
3736608132 1 3 1 3 1 3 1 3 1 3 1 3 1 3 1 3 
2229422046 1 3 1 3 1 3 1 3 1 3 1 3 1 3 1 3 
3729252996 1 3 1 3 1 3 1 3 1 3 1 3 1 3 1 3 
2216540382 1 3 1 3 1 3 1 3 1 3 1 3 1 3 1 3 
494608824 1 3 1 3 1 3 1 3 1 3 1 3 1 3 1 3 
865530026 1 3 1 3 1 3 1 3 1 3 1 3 1 3 1 3 
1441830604 1 3 1 3 1 3 1 3 1 3 1 3 1 3 1 3 
3432386474 1 3 1 3 1 3 1 3 1 3 1 3 1 3 1 3 
2867882444 1 3 1 3 1 3 1 3 1 3 1 3 1 3 1 3 
3429494954 1 3 1 3 1 3 1 3 1 3 1 3 1 3 1 3 
2853148364 1 3 1 3 1 3 1 3 1 3 1 3 1 3 1 3 
862523306 1 3 1 3 1 3 1 3 1 3 1 3 1 3 1 3 
1427073484 1 3 1 3 1 3 1 3 1 3 1 3 1 3 1 3 
3947767922 1 3 1 3 1 3 1 3 1 3 1 3 1 3 1 3 
662889662 1 3 1 3 1 3 1 3 1 3 1 3 1 3 1 3 
3632405438 1 3 1 3 1 3 1 3 1 3 1 3 1 3 1 3 
2183642852 1 3 1 3 1 3 1 3 1 3 1 3 1 3 1 3 
2985004328 1 3 1 3 1 3 1 3 1 3 1 3 1 3 1 3 
2099724772 1 3 1 3 1 3 1 3 1 3 1 3 1 3 1 3 
759492216 1 3 1 3 1 3 1 3 1 3 1 3 1 3 1 3 
512286132 1 3 1 3 1 3 1 3 1 3 1 3 1 3 1 3 
3022157598 1 3 1 3 1 3 1 3 1 3 1 3 1 3 1 3 
511124148 1 3 1 3 1 3 1 3 1 3 1 3 1 3 1 3 
767234424 1 3 1 3 1 3 1 3 1 3 1 3 1 3 1 3 
2266086354 1 3 1 3 1 3 1 3 1 3 1 3 1 3 1 3 
1597414410 1 3 1 3 1 3 1 3 1 3 1 3 1 3 1 3 
961608300 1 3 1 3 1 3 1 3 1 3 1 3 1 3 1 3 
1355191290 1 3 1 3 1 3 1 3 1 3 1 3 1 3 1 3 
916518300 1 3 1 3 1 3 1 3 1 3 1 3 1 3 1 3 
1345940730 1 3 1 3 1 3 1 3 1 3 1 3 1 3 1 3 
912198300 1 3 1 3 1 3 1 3 1 3 1 3 1 3 1 3 
1607033610 1 3 1 3 1 3 1 3 1 3 1 3 1 3 1 3 
967771500 1 3 1 3 1 3 1 3 1 3 1 3 1 3 1 3 
725805182 1 3 1 3 1 3 1 3 1 3 1 3 1 3 1 3 
412015538 1 3 1 3 1 3 1 3 1 3 1 3 1 3 1 3 
2115453652 1 3 1 3 1 3 1 3 1 3 1 3 1 3 1 3 
1306226968 1 3 1 3 1 3 1 3 1 3 1 3 1 3 1 3 
