9067871575303815720 3 1 3 1 3 1 3 1 3 1 3 1 3 1 3 
12761866449846554340 3 1 3 1 3 1 3 1 3 1 3 1 3 1 3 
10171236647994684120 3 1 3 1 3 1 3 1 3 1 3 1 3 1 3 
4750084962838167060 3 1 3 1 3 1 3 1 3 1 3 1 3 1 3 
16451345157183366222 3 1 3 1 3 1 3 1 3 1 3 1 3 1 3 
1494662573821334718 3 1 3 1 3 1 3 1 3 1 3 1 3 1 3 
17539835658768151402 3 1 3 1 3 1 3 1 3 1 3 1 3 1 3 
259787569203119002 3 1 3 1 3 1 3 1 3 1 3 1 3 1 3 
17552212861158493290 3 1 3 1 3 1 3 1 3 1 3 1 3 1 3 
4564732846726037670 3 1 3 1 3 1 3 1 3 1 3 1 3 1 3 
244615408254319770 3 1 3 1 3 1 3 1 3 1 3 1 3 1 3 
14963703057175097430 3 1 3 1 3 1 3 1 3 1 3 1 3 1 3 
6431045500877711040 3 1 3 1 3 1 3 1 3 1 3 1 3 1 3 
10805090997151492620 3 1 3 1 3 1 3 1 3 1 3 1 3 1 3 
12236096842504361520 3 1 3 1 3 1 3 1 3 1 3 1 3 1 3 
7278826295449656060 3 1 3 1 3 1 3 1 3 1 3 1 3 1 3 
6467264513418680768 3 1 3 1 3 1 3 1 3 1 3 1 3 1 3 
12191426983594273072 3 1 3 1 3 1 3 1 3 1 3 1 3 1 3 
3281115839720861064 3 1 3 1 3 1 3 1 3 1 3 1 3 1 3 
15958555342490099064 3 1 3 1 3 1 3 1 3 1 3 1 3 1 3 
15165833778238533000 3 1 3 1 3 1 3 1 3 1 3 1 3 1 3 
2214383110572466500 3 1 3 1 3 1 3 1 3 1 3 1 3 1 3 
2488007384815361400 3 1 3 1 3 1 3 1 3 1 3 1 3 1 3 
17171065686969749940 3 1 3 1 3 1 3 1 3 1 3 1 3 1 3 
15165628237125004680 3 1 3 1 3 1 3 1 3 1 3 1 3 1 3 
2214625647969755460 3 1 3 1 3 1 3 1 3 1 3 1 3 1 3 
2488188728452373880 3 1 3 1 3 1 3 1 3 1 3 1 3 1 3 
17170851796567200180 3 1 3 1 3 1 3 1 3 1 3 1 3 1 3 
16232360966838018372 3 1 3 1 3 1 3 1 3 1 3 1 3 1 3 
1275678383475986868 3 1 3 1 3 1 3 1 3 1 3 1 3 1 3 
7189595717750907846 3 1 3 1 3 1 3 1 3 1 3 1 3 1 3 
10607775676046414646 3 1 3 1 3 1 3 1 3 1 3 1 3 1 3 
18041408356394927520 3 1 3 1 3 1 3 1 3 1 3 1 3 1 3 
3932550245130684780 3 1 3 1 3 1 3 1 3 1 3 1 3 1 3 
769840250257143120 3 1 3 1 3 1 3 1 3 1 3 1 3 1 3 
14295491108813355420 3 1 3 1 3 1 3 1 3 1 3 1 3 1 3 
18041150383120713120 3 1 3 1 3 1 3 1 3 1 3 1 3 1 3 
3932705029095213420 3 1 3 1 3 1 3 1 3 1 3 1 3 1 3 
770109347326915920 3 1 3 1 3 1 3 1 3 1 3 1 3 1 3 
14295329650571491740 3 1 3 1 3 1 3 1 3 1 3 1 3 1 3 
7189553467512939462 3 1 3 1 3 1 3 1 3 1 3 1 3 1 3 
10607837743565869878 3 1 3 1 3 1 3 1 3 1 3 1 3 1 3 
17114836868462341508 3 1 3 1 3 1 3 1 3 1 3 1 3 1 3 
2122582479574670708 3 1 3 1 3 1 3 1 3 1 3 1 3 1 3 
2429461895309680200 3 1 3 1 3 1 3 1 3 1 3 1 3 1 3 
17112520197464068740 3 1 3 1 3 1 3 1 3 1 3 1 3 1 3 
15080266278658059960 3 1 3 1 3 1 3 1 3 1 3 1 3 1 3 
2128815610991993460 3 1 3 1 3 1 3 1 3 1 3 1 3 1 3 
16048346683154112840 3 1 3 1 3 1 3 1 3 1 3 1 3 1 3 
1331907201940647300 3 1 3 1 3 1 3 1 3 1 3 1 3 1 3 
3334878927209943480 3 1 3 1 3 1 3 1 3 1 3 1 3 1 3 
16324161597809630580 3 1 3 1 3 1 3 1 3 1 3 1 3 1 3 
16017282181127200328 3 1 3 1 3 1 3 1 3 1 3 1 3 1 3 
3366477791887830712 3 1 3 1 3 1 3 1 3 1 3 1 3 1 3 
11802337283447366602 3 1 3 1 3 1 3 1 3 1 3 1 3 1 3 
5997285944523903802 3 1 3 1 3 1 3 1 3 1 3 1 3 1 3 
693280087368267360 3 1 3 1 3 1 3 1 3 1 3 1 3 1 3 
14218930945924479660 3 1 3 1 3 1 3 1 3 1 3 1 3 1 3 
17973855530197649040 3 1 3 1 3 1 3 1 3 1 3 1 3 1 3 
3864997418933406300 3 1 3 1 3 1 3 1 3 1 3 1 3 1 3 
17770929732625369440 3 1 3 1 3 1 3 1 3 1 3 1 3 1 3 
4202925679590557100 3 1 3 1 3 1 3 1 3 1 3 1 3 1 3 
463860449560033680 3 1 3 1 3 1 3 1 3 1 3 1 3 1 3 
14601578548338373980 3 1 3 1 3 1 3 1 3 1 3 1 3 1 3 
6686248703764028618 3 1 3 1 3 1 3 1 3 1 3 1 3 1 3 
12410411173939620922 3 1 3 1 3 1 3 1 3 1 3 1 3 1 3 
18012492205579160266 3 1 3 1 3 1 3 1 3 1 3 1 3 1 3 
3834242197516256774 3 1 3 1 3 1 3 1 3 1 3 1 3 1 3 
651274594257812026 3 1 3 1 3 1 3 1 3 1 3 1 3 1 3 
14250803219616102134 3 1 3 1 3 1 3 1 3 1 3 1 3 1 3 
12417391263410790240 3 1 3 1 3 1 3 1 3 1 3 1 3 1 3 
502649690455094730 3 1 3 1 3 1 3 1 3 1 3 1 3 1 3 
6962463166893609900 3 1 3 1 3 1 3 1 3 1 3 1 3 1 3 
14570563122579765510 3 1 3 1 3 1 3 1 3 1 3 1 3 1 3 
6675354310250033040 3 1 3 1 3 1 3 1 3 1 3 1 3 1 3 
17728760549937366330 3 1 3 1 3 1 3 1 3 1 3 1 3 1 3 
10407629263697060700 3 1 3 1 3 1 3 1 3 1 3 1 3 1 3 
4235064832169413110 3 1 3 1 3 1 3 1 3 1 3 1 3 1 3 
12442442395795284064 3 1 3 1 3 1 3 1 3 1 3 1 3 1 3 
6944730547749891244 3 1 3 1 3 1 3 1 3 1 3 1 3 1 3 
6655369855993352336 3 1 3 1 3 1 3 1 3 1 3 1 3 1 3 
10416917556733369436 3 1 3 1 3 1 3 1 3 1 3 1 3 1 3 
6029352809112248160 3 1 3 1 3 1 3 1 3 1 3 1 3 1 3 
17944094387215087050 3 1 3 1 3 1 3 1 3 1 3 1 3 1 3 
11484280907367404460 3 1 3 1 3 1 3 1 3 1 3 1 3 1 3 
3876180948806924550 3 1 3 1 3 1 3 1 3 1 3 1 3 1 3 
11771389764946849680 3 1 3 1 3 1 3 1 3 1 3 1 3 1 3 
717983519711282490 3 1 3 1 3 1 3 1 3 1 3 1 3 1 3 
8039114808959673180 3 1 3 1 3 1 3 1 3 1 3 1 3 1 3 
14211679244030118390 3 1 3 1 3 1 3 1 3 1 3 1 3 1 3 
14499632545123662346 3 1 3 1 3 1 3 1 3 1 3 1 3 1 3 
429467278825043654 3 1 3 1 3 1 3 1 3 1 3 1 3 1 3 
4164134254713309946 3 1 3 1 3 1 3 1 3 1 3 1 3 1 3 
17655578138307315254 3 1 3 1 3 1 3 1 3 1 3 1 3 1 3 
11282466290513719200 3 1 3 1 3 1 3 1 3 1 3 1 3 1 3 
3907424609146307850 3 1 3 1 3 1 3 1 3 1 3 1 3 1 3 
5791509946741777260 3 1 3 1 3 1 3 1 3 1 3 1 3 1 3 
18083422783035263430 3 1 3 1 3 1 3 1 3 1 3 1 3 1 3 
7810279283147104080 3 1 3 1 3 1 3 1 3 1 3 1 3 1 3 
14323985631246153210 3 1 3 1 3 1 3 1 3 1 3 1 3 1 3 
11578582483848893340 3 1 3 1 3 1 3 1 3 1 3 1 3 1 3 
722205171713915190 3 1 3 1 3 1 3 1 3 1 3 1 3 1 3 
11271489175098183840 3 1 3 1 3 1 3 1 3 1 3 1 3 1 3 
3947111526229998090 3 1 3 1 3 1 3 1 3 1 3 1 3 1 3 
5809805574324329580 3 1 3 1 3 1 3 1 3 1 3 1 3 1 3 
18017276798811059910 3 1 3 1 3 1 3 1 3 1 3 1 3 1 3 
7826323076690452560 3 1 3 1 3 1 3 1 3 1 3 1 3 1 3 
14282609821453191930 3 1 3 1 3 1 3 1 3 1 3 1 3 1 3 
11551842530158931100 3 1 3 1 3 1 3 1 3 1 3 1 3 1 3 
791165931307255350 3 1 3 1 3 1 3 1 3 1 3 1 3 1 3 
7164277782537809824 3 1 3 1 3 1 3 1 3 1 3 1 3 1 3 
12655234128064504684 3 1 3 1 3 1 3 1 3 1 3 1 3 1 3 
10636464791521288016 3 1 3 1 3 1 3 1 3 1 3 1 3 1 3 
6868161588262572956 3 1 3 1 3 1 3 1 3 1 3 1 3 1 3 
1106460932099932330 3 1 3 1 3 1 3 1 3 1 3 1 3 1 3 
3703872485298945174 3 1 3 1 3 1 3 1 3 1 3 1 3 1 3 
17319172196239343530 3 1 3 1 3 1 3 1 3 1 3 1 3 1 3 
14728516145557980054 3 1 3 1 3 1 3 1 3 1 3 1 3 1 3 
14743039594646289558 3 1 3 1 3 1 3 1 3 1 3 1 3 1 3 
3718059483829224342 3 1 3 1 3 1 3 1 3 1 3 1 3 1 3 
10863643014967617228 3 1 3 1 3 1 3 1 3 1 3 1 3 1 3 
7621100760428485068 3 1 3 1 3 1 3 1 3 1 3 1 3 1 3 
7583052160539256524 3 1 3 1 3 1 3 1 3 1 3 1 3 1 3 
6124990048439851760 3 1 3 1 3 1 3 1 3 1 3 1 3 1 3 
10825693371124914636 3 1 3 1 3 1 3 1 3 1 3 1 3 1 3 
12249979001410397680 3 1 3 1 3 1 3 1 3 1 3 1 3 1 3 
404473618595842668 3 1 3 1 3 1 3 1 3 1 3 1 3 1 3 
17684521295844014748 3 1 3 1 3 1 3 1 3 1 3 1 3 1 3 
11242564644184091658 3 1 3 1 3 1 3 1 3 1 3 1 3 1 3 
7851300318213414138 3 1 3 1 3 1 3 1 3 1 3 1 3 1 3 
14533055868944988576 3 1 3 1 3 1 3 1 3 1 3 1 3 1 3 
4134086345690696016 3 1 3 1 3 1 3 1 3 1 3 1 3 1 3 
18042270459053738604 3 1 3 1 3 1 3 1 3 1 3 1 3 1 3 
762222773758917276 3 1 3 1 3 1 3 1 3 1 3 1 3 1 3 
12666744253872234438 3 1 3 1 3 1 3 1 3 1 3 1 3 1 3 
6861691675295002422 3 1 3 1 3 1 3 1 3 1 3 1 3 1 3 
3913688202394679712 3 1 3 1 3 1 3 1 3 1 3 1 3 1 3 
14312657730491369808 3 1 3 1 3 1 3 1 3 1 3 1 3 1 3 
17710060331020465914 3 1 3 1 3 1 3 1 3 1 3 1 3 1 3 
18029820233984129290 3 1 3 1 3 1 3 1 3 1 3 1 3 1 3 
11263695754425818988 3 1 3 1 3 1 3 1 3 1 3 1 3 1 3 
14336376835230005814 3 1 3 1 3 1 3 1 3 1 3 1 3 1 3 
14484989506965861830 3 1 3 1 3 1 3 1 3 1 3 1 3 1 3 
11570753906822388816 3 1 3 1 3 1 3 1 3 1 3 1 3 1 3 
12638117257456423840 3 1 3 1 3 1 3 1 3 1 3 1 3 1 3 
14485259521025045958 3 1 3 1 3 1 3 1 3 1 3 1 3 1 3 
10637607407442677916 3 1 3 1 3 1 3 1 3 1 3 1 3 1 3 
11263591056658095980 3 1 3 1 3 1 3 1 3 1 3 1 3 1 3 
6437449929876478570 3 1 3 1 3 1 3 1 3 1 3 1 3 1 3 
10780111548063569574 3 1 3 1 3 1 3 1 3 1 3 1 3 1 3 
12224628020099836570 3 1 3 1 3 1 3 1 3 1 3 1 3 1 3 
7307748618836551254 3 1 3 1 3 1 3 1 3 1 3 1 3 1 3 
11985931948404401514 3 1 3 1 3 1 3 1 3 1 3 1 3 1 3 
7681550342926543270 3 1 3 1 3 1 3 1 3 1 3 1 3 1 3 
6243789442127402394 3 1 3 1 3 1 3 1 3 1 3 1 3 1 3 
11126892361590397270 3 1 3 1 3 1 3 1 3 1 3 1 3 1 3 
12009247092466358890 3 1 3 1 3 1 3 1 3 1 3 1 3 1 3 
7666716831559014054 3 1 3 1 3 1 3 1 3 1 3 1 3 1 3 
6222174143042382490 3 1 3 1 3 1 3 1 3 1 3 1 3 1 3 
11138904526120396374 3 1 3 1 3 1 3 1 3 1 3 1 3 1 3 
6460859631938397546 3 1 3 1 3 1 3 1 3 1 3 1 3 1 3 
10765108711905405350 3 1 3 1 3 1 3 1 3 1 3 1 3 1 3 
12202896172782294426 3 1 3 1 3 1 3 1 3 1 3 1 3 1 3 
7319943302296721750 3 1 3 1 3 1 3 1 3 1 3 1 3 1 3 
12009294145230641770 3 1 3 1 3 1 3 1 3 1 3 1 3 1 3 
7666632524753950374 3 1 3 1 3 1 3 1 3 1 3 1 3 1 3 
6222116052312418970 3 1 3 1 3 1 3 1 3 1 3 1 3 1 3 
11138995455597913686 3 1 3 1 3 1 3 1 3 1 3 1 3 1 3 
6460812123917673834 3 1 3 1 3 1 3 1 3 1 3 1 3 1 3 
10765193731669404070 3 1 3 1 3 1 3 1 3 1 3 1 3 1 3 
12202954632868566426 3 1 3 1 3 1 3 1 3 1 3 1 3 1 3 
7319851711401187670 3 1 3 1 3 1 3 1 3 1 3 1 3 1 3 
6437496979845651050 3 1 3 1 3 1 3 1 3 1 3 1 3 1 3 
10780027243042526886 3 1 3 1 3 1 3 1 3 1 3 1 3 1 3 
12224569931964443290 3 1 3 1 3 1 3 1 3 1 3 1 3 1 3 
7307839546864281174 3 1 3 1 3 1 3 1 3 1 3 1 3 1 3 
11985884443158603114 3 1 3 1 3 1 3 1 3 1 3 1 3 1 3 
7681635360917793190 3 1 3 1 3 1 3 1 3 1 3 1 3 1 3 
6243847899640862106 3 1 3 1 3 1 3 1 3 1 3 1 3 1 3 
11126800772130756950 3 1 3 1 3 1 3 1 3 1 3 1 3 1 3 
17958889622168287750 3 1 3 1 3 1 3 1 3 1 3 1 3 1 3 
12434613790205570988 3 1 3 1 3 1 3 1 3 1 3 1 3 1 3 
17783242708290778614 3 1 3 1 3 1 3 1 3 1 3 1 3 1 3 
14558174117619168970 3 1 3 1 3 1 3 1 3 1 3 1 3 1 3 
14265444058750646586 3 1 3 1 3 1 3 1 3 1 3 1 3 1 3 
14558441898261280458 3 1 3 1 3 1 3 1 3 1 3 1 3 1 3 
10399835870497385616 3 1 3 1 3 1 3 1 3 1 3 1 3 1 3 
11503227468402959200 3 1 3 1 3 1 3 1 3 1 3 1 3 1 3 
11772531831112425564 3 1 3 1 3 1 3 1 3 1 3 1 3 1 3 
12434544827111010220 3 1 3 1 3 1 3 1 3 1 3 1 3 1 3 
3722854402497367210 3 1 3 1 3 1 3 1 3 1 3 1 3 1 3 
1123085599447117974 3 1 3 1 3 1 3 1 3 1 3 1 3 1 3 
14747814722105127850 3 1 3 1 3 1 3 1 3 1 3 1 3 1 3 
17336324629167738774 3 1 3 1 3 1 3 1 3 1 3 1 3 1 3 
14723740915019926698 3 1 3 1 3 1 3 1 3 1 3 1 3 1 3 
3699077463551587242 3 1 3 1 3 1 3 1 3 1 3 1 3 1 3 
12264328469969414860 3 1 3 1 3 1 3 1 3 1 3 1 3 1 3 
10813030553402513136 3 1 3 1 3 1 3 1 3 1 3 1 3 1 3 
6139350512115144140 3 1 3 1 3 1 3 1 3 1 3 1 3 1 3 
7570382745747089904 3 1 3 1 3 1 3 1 3 1 3 1 3 1 3 
6182498646932826828 3 1 3 1 3 1 3 1 3 1 3 1 3 1 3 
12307311678042887628 3 1 3 1 3 1 3 1 3 1 3 1 3 1 3 
696939038725961388 3 1 3 1 3 1 3 1 3 1 3 1 3 1 3 
17968507832058512988 3 1 3 1 3 1 3 1 3 1 3 1 3 1 3 
6699576096138550278 3 1 3 1 3 1 3 1 3 1 3 1 3 1 3 
12396540631713426678 3 1 3 1 3 1 3 1 3 1 3 1 3 1 3 
14240159440256877920 3 1 3 1 3 1 3 1 3 1 3 1 3 1 3 
3850513225848141200 3 1 3 1 3 1 3 1 3 1 3 1 3 1 3 
14240323128257463648 3 1 3 1 3 1 3 1 3 1 3 1 3 1 3 
3850360661978658192 3 1 3 1 3 1 3 1 3 1 3 1 3 1 3 
697206520921978540 3 1 3 1 3 1 3 1 3 1 3 1 3 1 3 
17968246869521008220 3 1 3 1 3 1 3 1 3 1 3 1 3 1 3 
10433257888662515658 3 1 3 1 3 1 3 1 3 1 3 1 3 1 3 
6934013135463751482 3 1 3 1 3 1 3 1 3 1 3 1 3 1 3 
6460020704566209130 3 1 3 1 3 1 3 1 3 1 3 1 3 1 3 
10766512788254402214 3 1 3 1 3 1 3 1 3 1 3 1 3 1 3 
12202057245410106010 3 1 3 1 3 1 3 1 3 1 3 1 3 1 3 
7321347378645718614 3 1 3 1 3 1 3 1 3 1 3 1 3 1 3 
12008397169977890154 3 1 3 1 3 1 3 1 3 1 3 1 3 1 3 
7668127504977779110 3 1 3 1 3 1 3 1 3 1 3 1 3 1 3 
6221324220553913754 3 1 3 1 3 1 3 1 3 1 3 1 3 1 3 
11140315199539161430 3 1 3 1 3 1 3 1 3 1 3 1 3 1 3 
11986781870892870250 3 1 3 1 3 1 3 1 3 1 3 1 3 1 3 
7680139669507778214 3 1 3 1 3 1 3 1 3 1 3 1 3 1 3 
6244639364615871130 3 1 3 1 3 1 3 1 3 1 3 1 3 1 3 
11125481688171632214 3 1 3 1 3 1 3 1 3 1 3 1 3 1 3 
6438288857248666986 3 1 3 1 3 1 3 1 3 1 3 1 3 1 3 
10778707471714572710 3 1 3 1 3 1 3 1 3 1 3 1 3 1 3 
12225466947472024986 3 1 3 1 3 1 3 1 3 1 3 1 3 1 3 
7306344542487554390 3 1 3 1 3 1 3 1 3 1 3 1 3 1 3 
11986723370530400874 3 1 3 1 3 1 3 1 3 1 3 1 3 1 3 
7680231284569450150 3 1 3 1 3 1 3 1 3 1 3 1 3 1 3 
6244686827012659866 3 1 3 1 3 1 3 1 3 1 3 1 3 1 3 
11125396695782413910 3 1 3 1 3 1 3 1 3 1 3 1 3 1 3 
6438346902333724010 3 1 3 1 3 1 3 1 3 1 3 1 3 1 3 
10778616569624418726 3 1 3 1 3 1 3 1 3 1 3 1 3 1 3 
12225419854452516250 3 1 3 1 3 1 3 1 3 1 3 1 3 1 3 
7306428873446173014 3 1 3 1 3 1 3 1 3 1 3 1 3 1 3 
6459962201429600874 3 1 3 1 3 1 3 1 3 1 3 1 3 1 3 
10766604405087512230 3 1 3 1 3 1 3 1 3 1 3 1 3 1 3 
12202104710380493466 3 1 3 1 3 1 3 1 3 1 3 1 3 1 3 
7321262384819295830 3 1 3 1 3 1 3 1 3 1 3 1 3 1 3 
12008455217858844010 3 1 3 1 3 1 3 1 3 1 3 1 3 1 3 
7668036601102293414 3 1 3 1 3 1 3 1 3 1 3 1 3 1 3 
6221277124940621210 3 1 3 1 3 1 3 1 3 1 3 1 3 1 3 
11140399531946256726 3 1 3 1 3 1 3 1 3 1 3 1 3 1 3 
7324725026825328234 3 1 3 1 3 1 3 1 3 1 3 1 3 1 3 
12207686659044186790 3 1 3 1 3 1 3 1 3 1 3 1 3 1 3 
10760883374620321434 3 1 3 1 3 1 3 1 3 1 3 1 3 1 3 
6456643056386599510 3 1 3 1 3 1 3 1 3 1 3 1 3 1 3 
11143692847718771050 3 1 3 1 3 1 3 1 3 1 3 1 3 1 3 
6226953634187994534 3 1 3 1 3 1 3 1 3 1 3 1 3 1 3 
7662498091343698330 3 1 3 1 3 1 3 1 3 1 3 1 3 1 3 
12005019521798280534 3 1 3 1 3 1 3 1 3 1 3 1 3 1 3 
11122103936912807530 3 1 3 1 3 1 3 1 3 1 3 1 3 1 3 
6239009779183098534 3 1 3 1 3 1 3 1 3 1 3 1 3 1 3 
7685769254940550810 3 1 3 1 3 1 3 1 3 1 3 1 3 1 3 
11990159622151694934 3 1 3 1 3 1 3 1 3 1 3 1 3 1 3 
7302966791228729706 3 1 3 1 3 1 3 1 3 1 3 1 3 1 3 
12219837362039252390 3 1 3 1 3 1 3 1 3 1 3 1 3 1 3 
10784337057147345306 3 1 3 1 3 1 3 1 3 1 3 1 3 1 3 
6441666608507491670 3 1 3 1 3 1 3 1 3 1 3 1 3 1 3 
11122019047600182890 3 1 3 1 3 1 3 1 3 1 3 1 3 1 3 
6239057413377006246 3 1 3 1 3 1 3 1 3 1 3 1 3 1 3 
7685860698205103770 3 1 3 1 3 1 3 1 3 1 3 1 3 1 3 
11990101018712631894 3 1 3 1 3 1 3 1 3 1 3 1 3 1 3 
7303051225263941994 3 1 3 1 3 1 3 1 3 1 3 1 3 1 3 
12219790440816862630 3 1 3 1 3 1 3 1 3 1 3 1 3 1 3 
10784245983260072346 3 1 3 1 3 1 3 1 3 1 3 1 3 1 3 
6441724550515955030 3 1 3 1 3 1 3 1 3 1 3 1 3 1 3 
7324640136080741994 3 1 3 1 3 1 3 1 3 1 3 1 3 1 3 
12207734295814838950 3 1 3 1 3 1 3 1 3 1 3 1 3 1 3 
10760974819653166746 3 1 3 1 3 1 3 1 3 1 3 1 3 1 3 
6456584450168154710 3 1 3 1 3 1 3 1 3 1 3 1 3 1 3 
11143777283207702890 3 1 3 1 3 1 3 1 3 1 3 1 3 1 3 
6226906710374966694 3 1 3 1 3 1 3 1 3 1 3 1 3 1 3 
7662407015667947930 3 1 3 1 3 1 3 1 3 1 3 1 3 1 3 
12005077466597397846 3 1 3 1 3 1 3 1 3 1 3 1 3 1 3 
12680453544449816940 3 1 3 1 3 1 3 1 3 1 3 1 3 1 3 
382999457566593990 3 1 3 1 3 1 3 1 3 1 3 1 3 1 3 
6848556252578367900 3 1 3 1 3 1 3 1 3 1 3 1 3 1 3 
17699251035502830390 3 1 3 1 3 1 3 1 3 1 3 1 3 1 3 
7190338325326400160 3 1 3 1 3 1 3 1 3 1 3 1 3 1 3 
14511614184176721930 3 1 3 1 3 1 3 1 3 1 3 1 3 1 3 
10608728567343086160 3 1 3 1 3 1 3 1 3 1 3 1 3 1 3 
4148779279493058810 3 1 3 1 3 1 3 1 3 1 3 1 3 1 3 
10608573702129515088 3 1 3 1 3 1 3 1 3 1 3 1 3 1 3 
4148821558960345338 3 1 3 1 3 1 3 1 3 1 3 1 3 1 3 
6848297589138901404 3 1 3 1 3 1 3 1 3 1 3 1 3 1 3 
17699323510605964086 3 1 3 1 3 1 3 1 3 1 3 1 3 1 3 
14959380373185124620 3 1 3 1 3 1 3 1 3 1 3 1 3 1 3 
7291556058538767270 3 1 3 1 3 1 3 1 3 1 3 1 3 1 3 
4569629423843060220 3 1 3 1 3 1 3 1 3 1 3 1 3 1 3 
10790694434530657110 3 1 3 1 3 1 3 1 3 1 3 1 3 1 3 
14944520473530705420 3 1 3 1 3 1 3 1 3 1 3 1 3 1 3 
7336135757502024870 3 1 3 1 3 1 3 1 3 1 3 1 3 1 3 
4581685568847042300 3 1 3 1 3 1 3 1 3 1 3 1 3 1 3 
10754525999518710870 3 1 3 1 3 1 3 1 3 1 3 1 3 1 3 
17535145525171100208 3 1 3 1 3 1 3 1 3 1 3 1 3 1 3 
6481791854880764058 3 1 3 1 3 1 3 1 3 1 3 1 3 1 3 
17556903760769672496 3 1 3 1 3 1 3 1 3 1 3 1 3 1 3 
6416517148085047194 3 1 3 1 3 1 3 1 3 1 3 1 3 1 3 
17553440563807020300 3 1 3 1 3 1 3 1 3 1 3 1 3 1 3 
6426904512703549350 3 1 3 1 3 1 3 1 3 1 3 1 3 1 3 
246195772806567420 3 1 3 1 3 1 3 1 3 1 3 1 3 1 3 
12231780344256020310 3 1 3 1 3 1 3 1 3 1 3 1 3 1 3 
4587315326077982400 3 1 3 1 3 1 3 1 3 1 3 1 3 1 3 
10737637415020657770 3 1 3 1 3 1 3 1 3 1 3 1 3 1 3 
14941142619192141360 3 1 3 1 3 1 3 1 3 1 3 1 3 1 3 
7346268908200856730 3 1 3 1 3 1 3 1 3 1 3 1 3 1 3 
3483986159302498608 3 1 3 1 3 1 3 1 3 1 3 1 3 1 3 
11165321061488194458 3 1 3 1 3 1 3 1 3 1 3 1 3 1 3 
908137023940434444 3 1 3 1 3 1 3 1 3 1 3 1 3 1 3 
11975339026005831846 3 1 3 1 3 1 3 1 3 1 3 1 3 1 3 
15830839991938731300 3 1 3 1 3 1 3 1 3 1 3 1 3 1 3 
8149505084571838350 3 1 3 1 3 1 3 1 3 1 3 1 3 1 3 
3117196725920382420 3 1 3 1 3 1 3 1 3 1 3 1 3 1 3 
9360779391142205310 3 1 3 1 3 1 3 1 3 1 3 1 3 1 3 
15802442905126285860 3 1 3 1 3 1 3 1 3 1 3 1 3 1 3 
8207569194135001230 3 1 3 1 3 1 3 1 3 1 3 1 3 1 3 
3151814849521074900 3 1 3 1 3 1 3 1 3 1 3 1 3 1 3 
9302136938463750270 3 1 3 1 3 1 3 1 3 1 3 1 3 1 3 
2615904085245578532 3 1 3 1 3 1 3 1 3 1 3 1 3 1 3 
10297238987431274382 3 1 3 1 3 1 3 1 3 1 3 1 3 1 3 
2644301172054274596 3 1 3 1 3 1 3 1 3 1 3 1 3 1 3 
10239174877891991694 3 1 3 1 3 1 3 1 3 1 3 1 3 1 3 
17944152432879227820 3 1 3 1 3 1 3 1 3 1 3 1 3 1 3 
6029410855912798470 3 1 3 1 3 1 3 1 3 1 3 1 3 1 3 
717936426180322140 3 1 3 1 3 1 3 1 3 1 3 1 3 1 3 
11771342670413171190 3 1 3 1 3 1 3 1 3 1 3 1 3 1 3 
14570731789087252320 3 1 3 1 3 1 3 1 3 1 3 1 3 1 3 
6962294502658880970 3 1 3 1 3 1 3 1 3 1 3 1 3 1 3 
4234883022928310160 3 1 3 1 3 1 3 1 3 1 3 1 3 1 3 
10407811070932796730 3 1 3 1 3 1 3 1 3 1 3 1 3 1 3 
3834150582394183776 3 1 3 1 3 1 3 1 3 1 3 1 3 1 3 
11501921909136476874 3 1 3 1 3 1 3 1 3 1 3 1 3 1 3 
434156939937950892 3 1 3 1 3 1 3 1 3 1 3 1 3 1 3 
12442537322286614022 3 1 3 1 3 1 3 1 3 1 3 1 3 1 3 
17090733669629446020 3 1 3 1 3 1 3 1 3 1 3 1 3 1 3 
5153473750934023470 3 1 3 1 3 1 3 1 3 1 3 1 3 1 3 
2152310813852088180 3 1 3 1 3 1 3 1 3 1 3 1 3 1 3 
13219228063122333150 3 1 3 1 3 1 3 1 3 1 3 1 3 1 3 
16005150363382549320 3 1 3 1 3 1 3 1 3 1 3 1 3 1 3 
8410223669674713570 3 1 3 1 3 1 3 1 3 1 3 1 3 1 3 
3381437527802084280 3 1 3 1 3 1 3 1 3 1 3 1 3 1 3 
9531847921272344850 3 1 3 1 3 1 3 1 3 1 3 1 3 1 3 
16294433256699508596 3 1 3 1 3 1 3 1 3 1 3 1 3 1 3 
5227516010965769694 3 1 3 1 3 1 3 1 3 1 3 1 3 1 3 
15065306542243937208 3 1 3 1 3 1 3 1 3 1 3 1 3 1 3 
8914896154332483858 3 1 3 1 3 1 3 1 3 1 3 1 3 1 3 
10825742656156532650 3 1 3 1 3 1 3 1 3 1 3 1 3 1 3 
12250072094577836950 3 1 3 1 3 1 3 1 3 1 3 1 3 1 3 
17340365930531219148 3 1 3 1 3 1 3 1 3 1 3 1 3 1 3 
14742927885570759408 3 1 3 1 3 1 3 1 3 1 3 1 3 1 3 
1127489732802615756 3 1 3 1 3 1 3 1 3 1 3 1 3 1 3 
3718172069085947376 3 1 3 1 3 1 3 1 3 1 3 1 3 1 3 
7621001418962436010 3 1 3 1 3 1 3 1 3 1 3 1 3 1 3 
6196671979877876630 3 1 3 1 3 1 3 1 3 1 3 1 3 1 3 
1106378145748575948 3 1 3 1 3 1 3 1 3 1 3 1 3 1 3 
3703816191918562032 3 1 3 1 3 1 3 1 3 1 3 1 3 1 3 
17319254338343377356 3 1 3 1 3 1 3 1 3 1 3 1 3 1 3 
14728572000853665264 3 1 3 1 3 1 3 1 3 1 3 1 3 1 3 
5463462800710836804 3 1 3 1 3 1 3 1 3 1 3 1 3 1 3 
15944019140364776658 3 1 3 1 3 1 3 1 3 1 3 1 3 1 3 
13029724579745946948 3 1 3 1 3 1 3 1 3 1 3 1 3 1 3 
2469230360302996434 3 1 3 1 3 1 3 1 3 1 3 1 3 1 3 
2502744574230246610 3 1 3 1 3 1 3 1 3 1 3 1 3 1 3 
5417233834306559300 3 1 3 1 3 1 3 1 3 1 3 1 3 1 3 
2199809603351644398 3 1 3 1 3 1 3 1 3 1 3 1 3 1 3 
9804861660262964856 3 1 3 1 3 1 3 1 3 1 3 1 3 1 3 
16251155886331164654 3 1 3 1 3 1 3 1 3 1 3 1 3 1 3 
8579676954705453432 3 1 3 1 3 1 3 1 3 1 3 1 3 1 3 
16246818312967391470 3 1 3 1 3 1 3 1 3 1 3 1 3 1 3 
9866862021430862200 3 1 3 1 3 1 3 1 3 1 3 1 3 1 3 
770011057821555910 3 1 3 1 3 1 3 1 3 1 3 1 3 1 3 
7149967350715250000 3 1 3 1 3 1 3 1 3 1 3 1 3 1 3 
3932596000204562682 3 1 3 1 3 1 3 1 3 1 3 1 3 1 3 
6846890557852535148 3 1 3 1 3 1 3 1 3 1 3 1 3 1 3 
405517436593597494 3 1 3 1 3 1 3 1 3 1 3 1 3 1 3 
7797637936294725024 3 1 3 1 3 1 3 1 3 1 3 1 3 1 3 
7826400707906423238 3 1 3 1 3 1 3 1 3 1 3 1 3 1 3 
3947035225350640540 3 1 3 1 3 1 3 1 3 1 3 1 3 1 3 
4163964127782724460 3 1 3 1 3 1 3 1 3 1 3 1 3 1 3 
7175084173444462902 3 1 3 1 3 1 3 1 3 1 3 1 3 1 3 
5791568894948543226 3 1 3 1 3 1 3 1 3 1 3 1 3 1 3 
6868052969818159626 3 1 3 1 3 1 3 1 3 1 3 1 3 1 3 
14051330235811259994 3 1 3 1 3 1 3 1 3 1 3 1 3 1 3 
1138450463577909910 3 1 3 1 3 1 3 1 3 1 3 1 3 1 3 
17351359646655337878 3 1 3 1 3 1 3 1 3 1 3 1 3 1 3 
10832829240532651248 3 1 3 1 3 1 3 1 3 1 3 1 3 1 3 
7589990117283542000 3 1 3 1 3 1 3 1 3 1 3 1 3 1 3 
11932783095040048956 3 1 3 1 3 1 3 1 3 1 3 1 3 1 3 
10832581191863291120 3 1 3 1 3 1 3 1 3 1 3 1 3 1 3 
6528464637407133756 3 1 3 1 3 1 3 1 3 1 3 1 3 1 3 
7590236851698807792 3 1 3 1 3 1 3 1 3 1 3 1 3 1 3 
1138400623034608278 3 1 3 1 3 1 3 1 3 1 3 1 3 1 3 
4323555259743181146 3 1 3 1 3 1 3 1 3 1 3 1 3 1 3 
17351408757024707990 3 1 3 1 3 1 3 1 3 1 3 1 3 1 3 
5652816965120486184 3 1 3 1 3 1 3 1 3 1 3 1 3 1 3 
9420998088228743140 3 1 3 1 3 1 3 1 3 1 3 1 3 1 3 
15628688637323410878 3 1 3 1 3 1 3 1 3 1 3 1 3 1 3 
9386034717976811748 3 1 3 1 3 1 3 1 3 1 3 1 3 1 3 
1501794680770874994 3 1 3 1 3 1 3 1 3 1 3 1 3 1 3 
15572249605946442430 3 1 3 1 3 1 3 1 3 1 3 1 3 1 3 
12793927108129647400 3 1 3 1 3 1 3 1 3 1 3 1 3 1 3 
9025745987578243044 3 1 3 1 3 1 3 1 3 1 3 1 3 1 3 
16994177824113078642 3 1 3 1 3 1 3 1 3 1 3 1 3 1 3 
12786519698299753512 3 1 3 1 3 1 3 1 3 1 3 1 3 1 3 
16944949390016728690 3 1 3 1 3 1 3 1 3 1 3 1 3 1 3 
2874494471123731134 3 1 3 1 3 1 3 1 3 1 3 1 3 1 3 
1128902605244110540 3 1 3 1 3 1 3 1 3 1 3 1 3 1 3 
17341767807856437708 3 1 3 1 3 1 3 1 3 1 3 1 3 1 3 
7366977934835384154 3 1 3 1 3 1 3 1 3 1 3 1 3 1 3 
6556959970745859174 3 1 3 1 3 1 3 1 3 1 3 1 3 1 3 
14729469863241558768 3 1 3 1 3 1 3 1 3 1 3 1 3 1 3 
3704608493640439280 3 1 3 1 3 1 3 1 3 1 3 1 3 1 3 
17317841465901487820 3 1 3 1 3 1 3 1 3 1 3 1 3 1 3 
1104976268422965708 3 1 3 1 3 1 3 1 3 1 3 1 3 1 3 
11079766137599229786 3 1 3 1 3 1 3 1 3 1 3 1 3 1 3 
11889784102116867174 3 1 3 1 3 1 3 1 3 1 3 1 3 1 3 
3717274214237317872 3 1 3 1 3 1 3 1 3 1 3 1 3 1 3 
14742135576288646640 3 1 3 1 3 1 3 1 3 1 3 1 3 1 3 
16955575498517410344 3 1 3 1 3 1 3 1 3 1 3 1 3 1 3 
15601170429668901348 3 1 3 1 3 1 3 1 3 1 3 1 3 1 3 
9428329262401985470 3 1 3 1 3 1 3 1 3 1 3 1 3 1 3 
15599768552335326948 3 1 3 1 3 1 3 1 3 1 3 1 3 1 3 
9378702805069194430 3 1 3 1 3 1 3 1 3 1 3 1 3 1 3 
16983550372864691496 3 1 3 1 3 1 3 1 3 1 3 1 3 1 3 
9378508167952262334 3 1 3 1 3 1 3 1 3 1 3 1 3 1 3 
16983442441693728040 3 1 3 1 3 1 3 1 3 1 3 1 3 1 3 
12820363516597294962 3 1 3 1 3 1 3 1 3 1 3 1 3 1 3 
16955685270652285480 3 1 3 1 3 1 3 1 3 1 3 1 3 1 3 
12760082791615899762 3 1 3 1 3 1 3 1 3 1 3 1 3 1 3 
9428523852374940606 3 1 3 1 3 1 3 1 3 1 3 1 3 1 3 
16493559403709209572 3 1 3 1 3 1 3 1 3 1 3 1 3 1 3 
15575461645607491800 3 1 3 1 3 1 3 1 3 1 3 1 3 1 3 
13709311026086919870 3 1 3 1 3 1 3 1 3 1 3 1 3 1 3 
10199934566937759090 3 1 3 1 3 1 3 1 3 1 3 1 3 1 3 
16999703294922976020 3 1 3 1 3 1 3 1 3 1 3 1 3 1 3 
15575655501937563864 3 1 3 1 3 1 3 1 3 1 3 1 3 1 3 
15503686624727214120 3 1 3 1 3 1 3 1 3 1 3 1 3 1 3 
12776235717994040910 3 1 3 1 3 1 3 1 3 1 3 1 3 1 3 
9404216949916663170 3 1 3 1 3 1 3 1 3 1 3 1 3 1 3 
16493337541942647780 3 1 3 1 3 1 3 1 3 1 3 1 3 1 3 
15840527493566309588 3 1 3 1 3 1 3 1 3 1 3 1 3 1 3 
15337900390295000100 3 1 3 1 3 1 3 1 3 1 3 1 3 1 3 
10268613413265575550 3 1 3 1 3 1 3 1 3 1 3 1 3 1 3 
16651805532341397480 3 1 3 1 3 1 3 1 3 1 3 1 3 1 3 
13640632179759103410 3 1 3 1 3 1 3 1 3 1 3 1 3 1 3 
15338086996562465828 3 1 3 1 3 1 3 1 3 1 3 1 3 1 3 
9335538103553719950 3 1 3 1 3 1 3 1 3 1 3 1 3 1 3 
15840325560148108500 3 1 3 1 3 1 3 1 3 1 3 1 3 1 3 
12844914564356984130 3 1 3 1 3 1 3 1 3 1 3 1 3 1 3 
16724143501052679960 3 1 3 1 3 1 3 1 3 1 3 1 3 1 3 
2410813078811972280 3 1 3 1 3 1 3 1 3 1 3 1 3 1 3 
9524630399501645794 3 1 3 1 3 1 3 1 3 1 3 1 3 1 3 
13263792350583491550 3 1 3 1 3 1 3 1 3 1 3 1 3 1 3 
9570632866506819810 3 1 3 1 3 1 3 1 3 1 3 1 3 1 3 
2141231296112218500 3 1 3 1 3 1 3 1 3 1 3 1 3 1 3 
2417046210231397816 3 1 3 1 3 1 3 1 3 1 3 1 3 1 3 
13325434560630125790 3 1 3 1 3 1 3 1 3 1 3 1 3 1 3 
2141410474540454276 3 1 3 1 3 1 3 1 3 1 3 1 3 1 3 
2417286514774175160 3 1 3 1 3 1 3 1 3 1 3 1 3 1 3 
2109987531737476740 3 1 3 1 3 1 3 1 3 1 3 1 3 1 3 
9524751599345448930 3 1 3 1 3 1 3 1 3 1 3 1 3 1 3 
13263816829512289246 3 1 3 1 3 1 3 1 3 1 3 1 3 1 3 
14099098515215675494 3 1 3 1 3 1 3 1 3 1 3 1 3 1 3 
11092459600126978620 3 1 3 1 3 1 3 1 3 1 3 1 3 1 3 
3700551066976911510 3 1 3 1 3 1 3 1 3 1 3 1 3 1 3 
4371570712476520294 3 1 3 1 3 1 3 1 3 1 3 1 3 1 3 
7417615763536631100 3 1 3 1 3 1 3 1 3 1 3 1 3 1 3 
14725082576747954070 3 1 3 1 3 1 3 1 3 1 3 1 3 1 3 
4347397949334351974 3 1 3 1 3 1 3 1 3 1 3 1 3 1 3 
7354190435273648700 3 1 3 1 3 1 3 1 3 1 3 1 3 1 3 
14746473575471186070 3 1 3 1 3 1 3 1 3 1 3 1 3 1 3 
14075420532305891174 3 1 3 1 3 1 3 1 3 1 3 1 3 1 3 
11029221188840674620 3 1 3 1 3 1 3 1 3 1 3 1 3 1 3 
3721381314770108310 3 1 3 1 3 1 3 1 3 1 3 1 3 1 3 
10880514402356845260 3 1 3 1 3 1 3 1 3 1 3 1 3 1 3 
4347645556234580070 3 1 3 1 3 1 3 1 3 1 3 1 3 1 3 
7354284472741702204 3 1 3 1 3 1 3 1 3 1 3 1 3 1 3 
7638005133267215820 3 1 3 1 3 1 3 1 3 1 3 1 3 1 3 
14075173363503468390 3 1 3 1 3 1 3 1 3 1 3 1 3 1 3 
11029128311043282236 3 1 3 1 3 1 3 1 3 1 3 1 3 1 3 
7566146550850607820 3 1 3 1 3 1 3 1 3 1 3 1 3 1 3 
14099346126634610790 3 1 3 1 3 1 3 1 3 1 3 1 3 1 3 
11092553639276816956 3 1 3 1 3 1 3 1 3 1 3 1 3 1 3 
10808820746684442060 3 1 3 1 3 1 3 1 3 1 3 1 3 1 3 
4371323539133108070 3 1 3 1 3 1 3 1 3 1 3 1 3 1 3 
7417522883998471484 3 1 3 1 3 1 3 1 3 1 3 1 3 1 3 
17556948457894588570 3 1 3 1 3 1 3 1 3 1 3 1 3 1 3 
18182932107110006634 3 1 3 1 3 1 3 1 3 1 3 1 3 1 3 
12030070287978699312 3 1 3 1 3 1 3 1 3 1 3 1 3 1 3 
13877001495780916310 3 1 3 1 3 1 3 1 3 1 3 1 3 1 3 
14944364846414951334 3 1 3 1 3 1 3 1 3 1 3 1 3 1 3 
12030129246271478320 3 1 3 1 3 1 3 1 3 1 3 1 3 1 3 
12178741918007334336 3 1 3 1 3 1 3 1 3 1 3 1 3 1 3 
17556773411782996122 3 1 3 1 3 1 3 1 3 1 3 1 3 1 3 
10790719280568555260 3 1 3 1 3 1 3 1 3 1 3 1 3 1 3 
11110479183532218636 3 1 3 1 3 1 3 1 3 1 3 1 3 1 3 
10067925302567799736 3 1 3 1 3 1 3 1 3 1 3 1 3 1 3 
15068430697618026210 3 1 3 1 3 1 3 1 3 1 3 1 3 1 3 
17087199999263052510 3 1 3 1 3 1 3 1 3 1 3 1 3 1 3 
9563257780592671560 3 1 3 1 3 1 3 1 3 1 3 1 3 1 3 
13297925134297548660 3 1 3 1 3 1 3 1 3 1 3 1 3 1 3 
15068250633861738210 3 1 3 1 3 1 3 1 3 1 3 1 3 1 3 
17086958398154347230 3 1 3 1 3 1 3 1 3 1 3 1 3 1 3 
9563248361873111880 3 1 3 1 3 1 3 1 3 1 3 1 3 1 3 
13297800990162175860 3 1 3 1 3 1 3 1 3 1 3 1 3 1 3 
16298213492581851694 3 1 3 1 3 1 3 1 3 1 3 1 3 1 3 
13508622365633330040 3 1 3 1 3 1 3 1 3 1 3 1 3 1 3 
13004060946530257800 3 1 3 1 3 1 3 1 3 1 3 1 3 1 3 
15137111742969097710 3 1 3 1 3 1 3 1 3 1 3 1 3 1 3 
17162636340977537490 3 1 3 1 3 1 3 1 3 1 3 1 3 1 3 
9821093721088423860 3 1 3 1 3 1 3 1 3 1 3 1 3 1 3 
13003945426557619080 3 1 3 1 3 1 3 1 3 1 3 1 3 1 3 
15136929377145466350 3 1 3 1 3 1 3 1 3 1 3 1 3 1 3 
17162392643956773330 3 1 3 1 3 1 3 1 3 1 3 1 3 1 3 
9821074578711279540 3 1 3 1 3 1 3 1 3 1 3 1 3 1 3 
16222777150835384610 3 1 3 1 3 1 3 1 3 1 3 1 3 1 3 
9809609571241706734 3 1 3 1 3 1 3 1 3 1 3 1 3 1 3 
2212443314151805560 3 1 3 1 3 1 3 1 3 1 3 1 3 1 3 
12978960513401518290 3 1 3 1 3 1 3 1 3 1 3 1 3 1 3 
2483715699058872644 3 1 3 1 3 1 3 1 3 1 3 1 3 1 3 
2183069861008846200 3 1 3 1 3 1 3 1 3 1 3 1 3 1 3 
13033831641198462930 3 1 3 1 3 1 3 1 3 1 3 1 3 1 3 
9862244442984070126 3 1 3 1 3 1 3 1 3 1 3 1 3 1 3 
2182888502750096760 3 1 3 1 3 1 3 1 3 1 3 1 3 1 3 
13033847426952103890 3 1 3 1 3 1 3 1 3 1 3 1 3 1 3 
2488501281626779204 3 1 3 1 3 1 3 1 3 1 3 1 3 1 3 
2212624794716459640 3 1 3 1 3 1 3 1 3 1 3 1 3 1 3 
12978943313831885010 3 1 3 1 3 1 3 1 3 1 3 1 3 1 3 
14747880744196636774 3 1 3 1 3 1 3 1 3 1 3 1 3 1 3 
10876374778993728060 3 1 3 1 3 1 3 1 3 1 3 1 3 1 3 
4348805530376663190 3 1 3 1 3 1 3 1 3 1 3 1 3 1 3 
3722788483495559014 3 1 3 1 3 1 3 1 3 1 3 1 3 1 3 
7633700584669881660 3 1 3 1 3 1 3 1 3 1 3 1 3 1 3 
14076828113348202390 3 1 3 1 3 1 3 1 3 1 3 1 3 1 3 
3699143485934600294 3 1 3 1 3 1 3 1 3 1 3 1 3 1 3 
7570451178267302460 3 1 3 1 3 1 3 1 3 1 3 1 3 1 3 
14097691346490224790 3 1 3 1 3 1 3 1 3 1 3 1 3 1 3 
14723674995705642854 3 1 3 1 3 1 3 1 3 1 3 1 3 1 3 
10812960445847020860 3 1 3 1 3 1 3 1 3 1 3 1 3 1 3 
4370163543751069590 3 1 3 1 3 1 3 1 3 1 3 1 3 1 3 
11096775145451203276 3 1 3 1 3 1 3 1 3 1 3 1 3 1 3 
7570369293975575100 3 1 3 1 3 1 3 1 3 1 3 1 3 1 3 
14097938545592955030 3 1 3 1 3 1 3 1 3 1 3 1 3 1 3 
7421744390172857804 3 1 3 1 3 1 3 1 3 1 3 1 3 1 3 
10813043489809409340 3 1 3 1 3 1 3 1 3 1 3 1 3 1 3 
4369915958091452310 3 1 3 1 3 1 3 1 3 1 3 1 3 1 3 
7350061729616734924 3 1 3 1 3 1 3 1 3 1 3 1 3 1 3 
10876292896182458940 3 1 3 1 3 1 3 1 3 1 3 1 3 1 3 
4349052724959375510 3 1 3 1 3 1 3 1 3 1 3 1 3 1 3 
11024905567918314956 3 1 3 1 3 1 3 1 3 1 3 1 3 1 3 
7633783627092829500 3 1 3 1 3 1 3 1 3 1 3 1 3 1 3 
14076580532228263830 3 1 3 1 3 1 3 1 3 1 3 1 3 1 3 
18205308474410582170 3 1 3 1 3 1 3 1 3 1 3 1 3 1 3 
17534255431245287274 3 1 3 1 3 1 3 1 3 1 3 1 3 1 3 
12246295846600272432 3 1 3 1 3 1 3 1 3 1 3 1 3 1 3 
14958129288888781910 3 1 3 1 3 1 3 1 3 1 3 1 3 1 3 
13863764818888295334 3 1 3 1 3 1 3 1 3 1 3 1 3 1 3 
17557618042871361642 3 1 3 1 3 1 3 1 3 1 3 1 3 1 3 
10794942436010382860 3 1 3 1 3 1 3 1 3 1 3 1 3 1 3 
11114700277389744636 3 1 3 1 3 1 3 1 3 1 3 1 3 1 3 
12032661902585993920 3 1 3 1 3 1 3 1 3 1 3 1 3 1 3 
12181275811272430896 3 1 3 1 3 1 3 1 3 1 3 1 3 1 3 
16710691366780567182 3 1 3 1 3 1 3 1 3 1 3 1 3 1 3 
8178215678049970200 3 1 3 1 3 1 3 1 3 1 3 1 3 1 3 
15840410579242599090 3 1 3 1 3 1 3 1 3 1 3 1 3 1 3 
9119459547851974632 3 1 3 1 3 1 3 1 3 1 3 1 3 1 3 
4806158944038738900 3 1 3 1 3 1 3 1 3 1 3 1 3 1 3 
16724190552200081790 3 1 3 1 3 1 3 1 3 1 3 1 3 1 3 
12879705495139636260 3 1 3 1 3 1 3 1 3 1 3 1 3 1 3 
1735941127973600910 3 1 3 1 3 1 3 1 3 1 3 1 3 1 3 
10268730332136990744 3 1 3 1 3 1 3 1 3 1 3 1 3 1 3 
9327469557343709160 3 1 3 1 3 1 3 1 3 1 3 1 3 1 3 
3160258712285171010 3 1 3 1 3 1 3 1 3 1 3 1 3 1 3 
1722418715370942846 3 1 3 1 3 1 3 1 3 1 3 1 3 1 3 
9302439561685947570 3 1 3 1 3 1 3 1 3 1 3 1 3 1 3 
5608155481602791550 3 1 3 1 3 1 3 1 3 1 3 1 3 1 3 
9086039178970672050 3 1 3 1 3 1 3 1 3 1 3 1 3 1 3 
12886158296948991870 3 1 3 1 3 1 3 1 3 1 3 1 3 1 3 
12838403208433309822 3 1 3 1 3 1 3 1 3 1 3 1 3 1 3 
9360477282946984882 3 1 3 1 3 1 3 1 3 1 3 1 3 1 3 
9144304513729221810 3 1 3 1 3 1 3 1 3 1 3 1 3 1 3 
12838588592042809470 3 1 3 1 3 1 3 1 3 1 3 1 3 1 3 
9360704893055413170 3 1 3 1 3 1 3 1 3 1 3 1 3 1 3 
5560585776797378430 3 1 3 1 3 1 3 1 3 1 3 1 3 1 3 
5608340865340086398 3 1 3 1 3 1 3 1 3 1 3 1 3 1 3 
9086266792445946802 3 1 3 1 3 1 3 1 3 1 3 1 3 1 3 
912424433973831420 3 1 3 1 3 1 3 1 3 1 3 1 3 1 3 
4568240998511646000 3 1 3 1 3 1 3 1 3 1 3 1 3 1 3 
6265404925707091110 3 1 3 1 3 1 3 1 3 1 3 1 3 1 3 
7295553604986654570 3 1 3 1 3 1 3 1 3 1 3 1 3 1 3 
4583158106705979952 3 1 3 1 3 1 3 1 3 1 3 1 3 1 3 
889062695970888188 3 1 3 1 3 1 3 1 3 1 3 1 3 1 3 
9115808069736851688 3 1 3 1 3 1 3 1 3 1 3 1 3 1 3 
15288438218629268034 3 1 3 1 3 1 3 1 3 1 3 1 3 1 3 
1794611068420198030 3 1 3 1 3 1 3 1 3 1 3 1 3 1 3 
10264033218470418456 3 1 3 1 3 1 3 1 3 1 3 1 3 1 3 
2655858783818330802 3 1 3 1 3 1 3 1 3 1 3 1 3 1 3 
4809254069270074580 3 1 3 1 3 1 3 1 3 1 3 1 3 1 3 
3110736708583800130 3 1 3 1 3 1 3 1 3 1 3 1 3 1 3 
5570364399379667748 3 1 3 1 3 1 3 1 3 1 3 1 3 1 3 
16710397797176406414 3 1 3 1 3 1 3 1 3 1 3 1 3 1 3 
8174548806772057880 3 1 3 1 3 1 3 1 3 1 3 1 3 1 3 
13672110537514757076 3 1 3 1 3 1 3 1 3 1 3 1 3 1 3 
1663995065528975742 3 1 3 1 3 1 3 1 3 1 3 1 3 1 3 
9115607646789101800 3 1 3 1 3 1 3 1 3 1 3 1 3 1 3 
12848180499561980964 3 1 3 1 3 1 3 1 3 1 3 1 3 1 3 
1794476359617384078 3 1 3 1 3 1 3 1 3 1 3 1 3 1 3 
2655855501688484530 3 1 3 1 3 1 3 1 3 1 3 1 3 1 3 
4809027359909795028 3 1 3 1 3 1 3 1 3 1 3 1 3 1 3 
16724031785652223614 3 1 3 1 3 1 3 1 3 1 3 1 3 1 3 
9331981637836216296 3 1 3 1 3 1 3 1 3 1 3 1 3 1 3 
3110704701651860802 3 1 3 1 3 1 3 1 3 1 3 1 3 1 3 
5570133703851432740 3 1 3 1 3 1 3 1 3 1 3 1 3 1 3 
8174362265513027352 3 1 3 1 3 1 3 1 3 1 3 1 3 1 3 
15842398505657716146 3 1 3 1 3 1 3 1 3 1 3 1 3 1 3 
1663883584121110910 3 1 3 1 3 1 3 1 3 1 3 1 3 1 3 
7685901891030875328 3 1 3 1 3 1 3 1 3 1 3 1 3 1 3 
13836014247941723754 3 1 3 1 3 1 3 1 3 1 3 1 3 1 3 
923142722423069350 3 1 3 1 3 1 3 1 3 1 3 1 3 1 3 
11121991109177576496 3 1 3 1 3 1 3 1 3 1 3 1 3 1 3 
3527327129815459482 3 1 3 1 3 1 3 1 3 1 3 1 3 1 3 
6239160247976050940 3 1 3 1 3 1 3 1 3 1 3 1 3 1 3 
4540642887289776490 3 1 3 1 3 1 3 1 3 1 3 1 3 1 3 
6441832745376796428 3 1 3 1 3 1 3 1 3 1 3 1 3 1 3 
17568355687883564454 3 1 3 1 3 1 3 1 3 1 3 1 3 1 3 
7303080460774929200 3 1 3 1 3 1 3 1 3 1 3 1 3 1 3 
12219686566827212796 3 1 3 1 3 1 3 1 3 1 3 1 3 1 3 
234088886822999382 3 1 3 1 3 1 3 1 3 1 3 1 3 1 3 
7685728062114823360 3 1 3 1 3 1 3 1 3 1 3 1 3 1 3 
11990266932240986124 3 1 3 1 3 1 3 1 3 1 3 1 3 1 3 
923051649822136998 3 1 3 1 3 1 3 1 3 1 3 1 3 1 3 
3527280211483731610 3 1 3 1 3 1 3 1 3 1 3 1 3 1 3 
6238906944584073468 3 1 3 1 3 1 3 1 3 1 3 1 3 1 3 
18176429574618638934 3 1 3 1 3 1 3 1 3 1 3 1 3 1 3 
10784379426802631616 3 1 3 1 3 1 3 1 3 1 3 1 3 1 3 
4540584286326139242 3 1 3 1 3 1 3 1 3 1 3 1 3 1 3 
6441558413646679820 3 1 3 1 3 1 3 1 3 1 3 1 3 1 3 
7302937555717780272 3 1 3 1 3 1 3 1 3 1 3 1 3 1 3 
14984484938336721306 3 1 3 1 3 1 3 1 3 1 3 1 3 1 3 
234003999446832470 3 1 3 1 3 1 3 1 3 1 3 1 3 1 3 
14699918143452392038 3 1 3 1 3 1 3 1 3 1 3 1 3 1 3 
11072886937074728908 3 1 3 1 3 1 3 1 3 1 3 1 3 1 3 
11919074641712594160 3 1 3 1 3 1 3 1 3 1 3 1 3 1 3 
1135933595698828890 3 1 3 1 3 1 3 1 3 1 3 1 3 1 3 
6515002478229308400 3 1 3 1 3 1 3 1 3 1 3 1 3 1 3 
17348809793125443930 3 1 3 1 3 1 3 1 3 1 3 1 3 1 3 
11919322610889538800 3 1 3 1 3 1 3 1 3 1 3 1 3 1 3 
1135850941332887130 3 1 3 1 3 1 3 1 3 1 3 1 3 1 3 
6514755668683703280 3 1 3 1 3 1 3 1 3 1 3 1 3 1 3 
17348892060973820250 3 1 3 1 3 1 3 1 3 1 3 1 3 1 3 
7397950736360341708 3 1 3 1 3 1 3 1 3 1 3 1 3 1 3 
3675105890567148902 3 1 3 1 3 1 3 1 3 1 3 1 3 1 3 
7350155406859881642 3 1 3 1 3 1 3 1 3 1 3 1 3 1 3 
17336160298399849020 3 1 3 1 3 1 3 1 3 1 3 1 3 1 3 
1123251115624408380 3 1 3 1 3 1 3 1 3 1 3 1 3 1 3 
6139307524001562726 3 1 3 1 3 1 3 1 3 1 3 1 3 1 3 
14097855889703278320 3 1 3 1 3 1 3 1 3 1 3 1 3 1 3 
4369998227436038640 3 1 3 1 3 1 3 1 3 1 3 1 3 1 3 
11096588665433672874 3 1 3 1 3 1 3 1 3 1 3 1 3 1 3 
1110583777569692220 3 1 3 1 3 1 3 1 3 1 3 1 3 1 3 
17323492955815322940 3 1 3 1 3 1 3 1 3 1 3 1 3 1 3 
12307436548868997222 3 1 3 1 3 1 3 1 3 1 3 1 3 1 3 
4348888187778209520 3 1 3 1 3 1 3 1 3 1 3 1 3 1 3 
14076745842495678960 3 1 3 1 3 1 3 1 3 1 3 1 3 1 3 
17968342418924262390 3 1 3 1 3 1 3 1 3 1 3 1 3 1 3 
10391482936573150560 3 1 3 1 3 1 3 1 3 1 3 1 3 1 3 
6699603209809955244 3 1 3 1 3 1 3 1 3 1 3 1 3 1 3 
6973254079429883280 3 1 3 1 3 1 3 1 3 1 3 1 3 1 3 
12396498201786120540 3 1 3 1 3 1 3 1 3 1 3 1 3 1 3 
14222547913234673610 3 1 3 1 3 1 3 1 3 1 3 1 3 1 3 
697054319075107590 3 1 3 1 3 1 3 1 3 1 3 1 3 1 3 
3859676182964576058 3 1 3 1 3 1 3 1 3 1 3 1 3 1 3 
9119468000347613208 3 1 3 1 3 1 3 1 3 1 3 1 3 1 3 
3108766315027414450 3 1 3 1 3 1 3 1 3 1 3 1 3 1 3 
16710679753188995454 3 1 3 1 3 1 3 1 3 1 3 1 3 1 3 
9327478009839347736 3 1 3 1 3 1 3 1 3 1 3 1 3 1 3 
5601658905486763220 3 1 3 1 3 1 3 1 3 1 3 1 3 1 3 
1735929514382029182 3 1 3 1 3 1 3 1 3 1 3 1 3 1 3 
3160276252123218610 3 1 3 1 3 1 3 1 3 1 3 1 3 1 3 
16651851046429429374 3 1 3 1 3 1 3 1 3 1 3 1 3 1 3 
9111304501867976472 3 1 3 1 3 1 3 1 3 1 3 1 3 1 3 
1794757353558216318 3 1 3 1 3 1 3 1 3 1 3 1 3 1 3 
9335640056619931416 3 1 3 1 3 1 3 1 3 1 3 1 3 1 3 
5567038372459961300 3 1 3 1 3 1 3 1 3 1 3 1 3 1 3 
8054118027295836768 3 1 3 1 3 1 3 1 3 1 3 1 3 1 3 
14226681037259497674 3 1 3 1 3 1 3 1 3 1 3 1 3 1 3 
694574458457795590 3 1 3 1 3 1 3 1 3 1 3 1 3 1 3 
11472085919439862416 3 1 3 1 3 1 3 1 3 1 3 1 3 1 3 
3863987282370596922 3 1 3 1 3 1 3 1 3 1 3 1 3 1 3 
6051084798229083740 3 1 3 1 3 1 3 1 3 1 3 1 3 1 3 
4210773318546202570 3 1 3 1 3 1 3 1 3 1 3 1 3 1 3 
6632054441820682668 3 1 3 1 3 1 3 1 3 1 3 1 3 1 3 
17772154978546176774 3 1 3 1 3 1 3 1 3 1 3 1 3 1 3 
6932718077813048720 3 1 3 1 3 1 3 1 3 1 3 1 3 1 3 
12464057836545313116 3 1 3 1 3 1 3 1 3 1 3 1 3 1 3 
455866566976709622 3 1 3 1 3 1 3 1 3 1 3 1 3 1 3 
4220063040430891210 3 1 3 1 3 1 3 1 3 1 3 1 3 1 3 
6698764282437633708 3 1 3 1 3 1 3 1 3 1 3 1 3 1 3 
17752169612917582854 3 1 3 1 3 1 3 1 3 1 3 1 3 1 3 
6974658155778751120 3 1 3 1 3 1 3 1 3 1 3 1 3 1 3 
12395659274413799004 3 1 3 1 3 1 3 1 3 1 3 1 3 1 3 
480918439404199158 3 1 3 1 3 1 3 1 3 1 3 1 3 1 3 
8014992624472110432 3 1 3 1 3 1 3 1 3 1 3 1 3 1 3 
14235970751191818186 3 1 3 1 3 1 3 1 3 1 3 1 3 1 3 
674589097493222150 3 1 3 1 3 1 3 1 3 1 3 1 3 1 3 
11514025994419291536 3 1 3 1 3 1 3 1 3 1 3 1 3 1 3 
3846253345007431482 3 1 3 1 3 1 3 1 3 1 3 1 3 1 3 
5982686238211377500 3 1 3 1 3 1 3 1 3 1 3 1 3 1 3 
8930054788547206728 3 1 3 1 3 1 3 1 3 1 3 1 3 1 3 
15080100143968253154 3 1 3 1 3 1 3 1 3 1 3 1 3 1 3 
2128949052418013230 3 1 3 1 3 1 3 1 3 1 3 1 3 1 3 
10024200732750720696 3 1 3 1 3 1 3 1 3 1 3 1 3 1 3 
2429612688410379282 3 1 3 1 3 1 3 1 3 1 3 1 3 1 3 
5175148036977713780 3 1 3 1 3 1 3 1 3 1 3 1 3 1 3 
3334836557294832610 3 1 3 1 3 1 3 1 3 1 3 1 3 1 3 
5197679847860465028 3 1 3 1 3 1 3 1 3 1 3 1 3 1 3 
16324269791857035054 3 1 3 1 3 1 3 1 3 1 3 1 3 1 3 
8367092671773266360 3 1 3 1 3 1 3 1 3 1 3 1 3 1 3 
13317476943254068596 3 1 3 1 3 1 3 1 3 1 3 1 3 1 3 
1331803328228079582 3 1 3 1 3 1 3 1 3 1 3 1 3 1 3 
3366643933047911650 3 1 3 1 3 1 3 1 3 1 3 1 3 1 3 
5250879095351087748 3 1 3 1 3 1 3 1 3 1 3 1 3 1 3 
16317795018549475374 3 1 3 1 3 1 3 1 3 1 3 1 3 1 3 
8422543342865297080 3 1 3 1 3 1 3 1 3 1 3 1 3 1 3 
13271596036333101684 3 1 3 1 3 1 3 1 3 1 3 1 3 1 3 
1334337546787178718 3 1 3 1 3 1 3 1 3 1 3 1 3 1 3 
8868411731855089992 3 1 3 1 3 1 3 1 3 1 3 1 3 1 3 
15111907513111120866 3 1 3 1 3 1 3 1 3 1 3 1 3 1 3 
2122474284579768110 3 1 3 1 3 1 3 1 3 1 3 1 3 1 3 
10079651400051184056 3 1 3 1 3 1 3 1 3 1 3 1 3 1 3 
2398368157920885522 3 1 3 1 3 1 3 1 3 1 3 1 3 1 3 
5129267130828397940 3 1 3 1 3 1 3 1 3 1 3 1 3 1 3 
7583051580728698572 3 1 3 1 3 1 3 1 3 1 3 1 3 1 3 
3703704257754971286 3 1 3 1 3 1 3 1 3 1 3 1 3 1 3 
10825692791314356684 3 1 3 1 3 1 3 1 3 1 3 1 3 1 3 
14728684373101953942 3 1 3 1 3 1 3 1 3 1 3 1 3 1 3 
10863642435137005260 3 1 3 1 3 1 3 1 3 1 3 1 3 1 3 
14742871371632163990 3 1 3 1 3 1 3 1 3 1 3 1 3 1 3 
7621100180597873100 3 1 3 1 3 1 3 1 3 1 3 1 3 1 3 
3718227706843349910 3 1 3 1 3 1 3 1 3 1 3 1 3 1 3 
1106461254216908970 3 1 3 1 3 1 3 1 3 1 3 1 3 1 3 
6125083508186503920 3 1 3 1 3 1 3 1 3 1 3 1 3 1 3 
17319172518356320170 3 1 3 1 3 1 3 1 3 1 3 1 3 1 3 
12249885541663745520 3 1 3 1 3 1 3 1 3 1 3 1 3 1 3 
14099296721777118298 3 1 3 1 3 1 3 1 3 1 3 1 3 1 3 
11947106209955097148 3 1 3 1 3 1 3 1 3 1 3 1 3 1 3 
4371373090020143962 3 1 3 1 3 1 3 1 3 1 3 1 3 1 3 
6542704192312333628 3 1 3 1 3 1 3 1 3 1 3 1 3 1 3 
4347596151074442330 3 1 3 1 3 1 3 1 3 1 3 1 3 1 3 
6499720984256555580 3 1 3 1 3 1 3 1 3 1 3 1 3 1 3 
14075222914691838810 3 1 3 1 3 1 3 1 3 1 3 1 3 1 3 
11903958075155109180 3 1 3 1 3 1 3 1 3 1 3 1 3 1 3 
7566213398511183600 3 1 3 1 3 1 3 1 3 1 3 1 3 1 3 
1109838902399139990 3 1 3 1 3 1 3 1 3 1 3 1 3 1 3 
10808755651339065840 3 1 3 1 3 1 3 1 3 1 3 1 3 1 3 
17322550166538551190 3 1 3 1 3 1 3 1 3 1 3 1 3 1 3 
2900836846713034830 3 1 3 1 3 1 3 1 3 1 3 1 3 1 3 
8222321557199618580 3 1 3 1 3 1 3 1 3 1 3 1 3 1 3 
5631555791651126824 3 1 3 1 3 1 3 1 3 1 3 1 3 1 3 
1476358783783593074 3 1 3 1 3 1 3 1 3 1 3 1 3 1 3 
9012972702471516900 3 1 3 1 3 1 3 1 3 1 3 1 3 1 3 
2832439473994803390 3 1 3 1 3 1 3 1 3 1 3 1 3 1 3 
7302210326507202154 3 1 3 1 3 1 3 1 3 1 3 1 3 1 3 
12221191961656847014 3 1 3 1 3 1 3 1 3 1 3 1 3 1 3 
10783404672175986330 3 1 3 1 3 1 3 1 3 1 3 1 3 1 3 
6443126758556998230 3 1 3 1 3 1 3 1 3 1 3 1 3 1 3 
11121171551773677930 3 1 3 1 3 1 3 1 3 1 3 1 3 1 3 
6240469929333265830 3 1 3 1 3 1 3 1 3 1 3 1 3 1 3 
7685012790051252634 3 1 3 1 3 1 3 1 3 1 3 1 3 1 3 
11991514221869950294 3 1 3 1 3 1 3 1 3 1 3 1 3 1 3 
11144625234300741226 3 1 3 1 3 1 3 1 3 1 3 1 3 1 3 
6225493481454135974 3 1 3 1 3 1 3 1 3 1 3 1 3 1 3 
7663254554454611610 3 1 3 1 3 1 3 1 3 1 3 1 3 1 3 
12003664924865043030 3 1 3 1 3 1 3 1 3 1 3 1 3 1 3 
7325481490104015210 3 1 3 1 3 1 3 1 3 1 3 1 3 1 3 
12206332062010283430 3 1 3 1 3 1 3 1 3 1 3 1 3 1 3 
10761815761370065306 3 1 3 1 3 1 3 1 3 1 3 1 3 1 3 
6455182903552075094 3 1 3 1 3 1 3 1 3 1 3 1 3 1 3 
11144533746485995114 3 1 3 1 3 1 3 1 3 1 3 1 3 1 3 
6225552113341721254 3 1 3 1 3 1 3 1 3 1 3 1 3 1 3 
7663339402417297050 3 1 3 1 3 1 3 1 3 1 3 1 3 1 3 
12003617313763531350 3 1 3 1 3 1 3 1 3 1 3 1 3 1 3 
7325572522662320490 3 1 3 1 3 1 3 1 3 1 3 1 3 1 3 
12206274143081633190 3 1 3 1 3 1 3 1 3 1 3 1 3 1 3 
10761731282763688346 3 1 3 1 3 1 3 1 3 1 3 1 3 1 3 
6455229853235570006 3 1 3 1 3 1 3 1 3 1 3 1 3 1 3 
7302118840125204074 3 1 3 1 3 1 3 1 3 1 3 1 3 1 3 
12221250590966377126 3 1 3 1 3 1 3 1 3 1 3 1 3 1 3 
10783489518371165850 3 1 3 1 3 1 3 1 3 1 3 1 3 1 3 
6443079150233557590 3 1 3 1 3 1 3 1 3 1 3 1 3 1 3 
11121262582879050090 3 1 3 1 3 1 3 1 3 1 3 1 3 1 3 
6240412012993942950 3 1 3 1 3 1 3 1 3 1 3 1 3 1 3 
7684928313234139546 3 1 3 1 3 1 3 1 3 1 3 1 3 1 3 
11991561168761480534 3 1 3 1 3 1 3 1 3 1 3 1 3 1 3 
12248762997401212668 3 1 3 1 3 1 3 1 3 1 3 1 3 1 3 
240647524613291094 3 1 3 1 3 1 3 1 3 1 3 1 3 1 3 
6268067353356708348 3 1 3 1 3 1 3 1 3 1 3 1 3 1 3 
18182734456746804054 3 1 3 1 3 1 3 1 3 1 3 1 3 1 3 
7655949150094060224 3 1 3 1 3 1 3 1 3 1 3 1 3 1 3 
13877226090623516778 3 1 3 1 3 1 3 1 3 1 3 1 3 1 3 
10754483968730437056 3 1 3 1 3 1 3 1 3 1 3 1 3 1 3 
4581621634714386282 3 1 3 1 3 1 3 1 3 1 3 1 3 1 3 
12030053601981015564 3 1 3 1 3 1 3 1 3 1 3 1 3 1 3 
6481710121918159116 3 1 3 1 3 1 3 1 3 1 3 1 3 1 3 
14959480859513925786 3 1 3 1 3 1 3 1 3 1 3 1 3 1 3 
3502181572647702426 3 1 3 1 3 1 3 1 3 1 3 1 3 1 3 
2890162899503539240 3 1 3 1 3 1 3 1 3 1 3 1 3 1 3 
16489691531438401764 3 1 3 1 3 1 3 1 3 1 3 1 3 1 3 
5655832555330306638 3 1 3 1 3 1 3 1 3 1 3 1 3 1 3 
15630616793940956376 3 1 3 1 3 1 3 1 3 1 3 1 3 1 3 
8233056767822642802 3 1 3 1 3 1 3 1 3 1 3 1 3 1 3 
1452366779569920020 3 1 3 1 3 1 3 1 3 1 3 1 3 1 3 
15500005464110471976 3 1 3 1 3 1 3 1 3 1 3 1 3 1 3 
9057229724371235202 3 1 3 1 3 1 3 1 3 1 3 1 3 1 3 
2006309739765946340 3 1 3 1 3 1 3 1 3 1 3 1 3 1 3 
2876643648128936920 3 1 3 1 3 1 3 1 3 1 3 1 3 1 3 
16944557086561740564 3 1 3 1 3 1 3 1 3 1 3 1 3 1 3 
4723574857017429438 3 1 3 1 3 1 3 1 3 1 3 1 3 1 3 
9417517810533158530 3 1 3 1 3 1 3 1 3 1 3 1 3 1 3 
16489887064818985188 3 1 3 1 3 1 3 1 3 1 3 1 3 1 3 
5655802333740827214 3 1 3 1 3 1 3 1 3 1 3 1 3 1 3 
15630838544474576088 3 1 3 1 3 1 3 1 3 1 3 1 3 1 3 
8232947894774054514 3 1 3 1 3 1 3 1 3 1 3 1 3 1 3 
13730774536960504510 3 1 3 1 3 1 3 1 3 1 3 1 3 1 3 
15500241095917574952 3 1 3 1 3 1 3 1 3 1 3 1 3 1 3 
9057092401843057026 3 1 3 1 3 1 3 1 3 1 3 1 3 1 3 
12789533828212489550 3 1 3 1 3 1 3 1 3 1 3 1 3 1 3 
10178611785365340530 3 1 3 1 3 1 3 1 3 1 3 1 3 1 3 
16944748634424485652 3 1 3 1 3 1 3 1 3 1 3 1 3 1 3 
4723569786322324926 3 1 3 1 3 1 3 1 3 1 3 1 3 1 3 
1791266173324350696 3 1 3 1 3 1 3 1 3 1 3 1 3 1 3 
12858183423616974402 3 1 3 1 3 1 3 1 3 1 3 1 3 1 3 
15282710063494928420 3 1 3 1 3 1 3 1 3 1 3 1 3 1 3 
16729513520120144920 3 1 3 1 3 1 3 1 3 1 3 1 3 1 3 
2659348247513393364 3 1 3 1 3 1 3 1 3 1 3 1 3 1 3 
10253937201049846398 3 1 3 1 3 1 3 1 3 1 3 1 3 1 3 
16706986932053945320 3 1 3 1 3 1 3 1 3 1 3 1 3 1 3 
3105206465945134884 3 1 3 1 3 1 3 1 3 1 3 1 3 1 3 
9348701512811761038 3 1 3 1 3 1 3 1 3 1 3 1 3 1 3 
1669662180185463576 3 1 3 1 3 1 3 1 3 1 3 1 3 1 3 
13655334370090774962 3 1 3 1 3 1 3 1 3 1 3 1 3 1 3 
15845660360382552020 3 1 3 1 3 1 3 1 3 1 3 1 3 1 3 
1791065855272211688 3 1 3 1 3 1 3 1 3 1 3 1 3 1 3 
12858214873598688834 3 1 3 1 3 1 3 1 3 1 3 1 3 1 3 
9132528743589524110 3 1 3 1 3 1 3 1 3 1 3 1 3 1 3 
4792250831708524210 3 1 3 1 3 1 3 1 3 1 3 1 3 1 3 
2659121437434505428 3 1 3 1 3 1 3 1 3 1 3 1 3 1 3 
10254048127111807614 3 1 3 1 3 1 3 1 3 1 3 1 3 1 3 
5580365991994360130 3 1 3 1 3 1 3 1 3 1 3 1 3 1 3 
3104975945222121252 3 1 3 1 3 1 3 1 3 1 3 1 3 1 3 
9348836765146959246 3 1 3 1 3 1 3 1 3 1 3 1 3 1 3 
1669475468533095192 3 1 3 1 3 1 3 1 3 1 3 1 3 1 3 
13655338195214037426 3 1 3 1 3 1 3 1 3 1 3 1 3 1 3 
8164266849387855230 3 1 3 1 3 1 3 1 3 1 3 1 3 1 3 
18188353802977545370 3 1 3 1 3 1 3 1 3 1 3 1 3 1 3 
11100358286291790588 3 1 3 1 3 1 3 1 3 1 3 1 3 1 3 
246286662053327770 3 1 3 1 3 1 3 1 3 1 3 1 3 1 3 
7281364075676472828 3 1 3 1 3 1 3 1 3 1 3 1 3 1 3 
6471489253694985920 3 1 3 1 3 1 3 1 3 1 3 1 3 1 3 
4587267334864449702 3 1 3 1 3 1 3 1 3 1 3 1 3 1 3 
12020008658403305920 3 1 3 1 3 1 3 1 3 1 3 1 3 1 3 
13882838805424754598 3 1 3 1 3 1 3 1 3 1 3 1 3 1 3 
14941026398651203670 3 1 3 1 3 1 3 1 3 1 3 1 3 1 3 
3484043771133706070 3 1 3 1 3 1 3 1 3 1 3 1 3 1 3 
7709153225868548620 3 1 3 1 3 1 3 1 3 1 3 1 3 1 3 
10807677047610238220 3 1 3 1 3 1 3 1 3 1 3 1 3 1 3 
3110834058513082600 3 1 3 1 3 1 3 1 3 1 3 1 3 1 3 
16710373135808406564 3 1 3 1 3 1 3 1 3 1 3 1 3 1 3 
5570250693412753038 3 1 3 1 3 1 3 1 3 1 3 1 3 1 3 
15842282402965297176 3 1 3 1 3 1 3 1 3 1 3 1 3 1 3 
8174522891942081202 3 1 3 1 3 1 3 1 3 1 3 1 3 1 3 
1664039535419839700 3 1 3 1 3 1 3 1 3 1 3 1 3 1 3 
15288339855086131176 3 1 3 1 3 1 3 1 3 1 3 1 3 1 3 
9115763600251796802 3 1 3 1 3 1 3 1 3 1 3 1 3 1 3 
1794636983916026660 3 1 3 1 3 1 3 1 3 1 3 1 3 1 3 
2655972489119393560 3 1 3 1 3 1 3 1 3 1 3 1 3 1 3 
16723875482191735764 3 1 3 1 3 1 3 1 3 1 3 1 3 1 3 
4809156718934983038 3 1 3 1 3 1 3 1 3 1 3 1 3 1 3 
15335910012138285288 3 1 3 1 3 1 3 1 3 1 3 1 3 1 3 
9114918742016475714 3 1 3 1 3 1 3 1 3 1 3 1 3 1 3 
12876493378241269390 3 1 3 1 3 1 3 1 3 1 3 1 3 1 3 
10272221181717361330 3 1 3 1 3 1 3 1 3 1 3 1 3 1 3 
16782704534830437588 3 1 3 1 3 1 3 1 3 1 3 1 3 1 3 
4774535173940018814 3 1 3 1 3 1 3 1 3 1 3 1 3 1 3 
9330980472969346370 3 1 3 1 3 1 3 1 3 1 3 1 3 1 3 
16652107086273436452 3 1 3 1 3 1 3 1 3 1 3 1 3 1 3 
5598679681009021326 3 1 3 1 3 1 3 1 3 1 3 1 3 1 3 
15790771581743785752 3 1 3 1 3 1 3 1 3 1 3 1 3 1 3 
8182686194597973426 3 1 3 1 3 1 3 1 3 1 3 1 3 1 3 
13637587353073451390 3 1 3 1 3 1 3 1 3 1 3 1 3 1 3 
2011938981601335336 3 1 3 1 3 1 3 1 3 1 3 1 3 1 3 
12772627949978481282 3 1 3 1 3 1 3 1 3 1 3 1 3 1 3 
15503390018597491940 3 1 3 1 3 1 3 1 3 1 3 1 3 1 3 
16941177479877044440 3 1 3 1 3 1 3 1 3 1 3 1 3 1 3 
2871022652630754324 3 1 3 1 3 1 3 1 3 1 3 1 3 1 3 
10195376936890224318 3 1 3 1 3 1 3 1 3 1 3 1 3 1 3 
16495322972297045800 3 1 3 1 3 1 3 1 3 1 3 1 3 1 3 
2893532060827773924 3 1 3 1 3 1 3 1 3 1 3 1 3 1 3 
9407261776971383118 3 1 3 1 3 1 3 1 3 1 3 1 3 1 3 
1448989371908478936 3 1 3 1 3 1 3 1 3 1 3 1 3 1 3 
13740889843729268082 3 1 3 1 3 1 3 1 3 1 3 1 3 1 3 
15624980405279988500 3 1 3 1 3 1 3 1 3 1 3 1 3 1 3 
5674116125834703490 3 1 3 1 3 1 3 1 3 1 3 1 3 1 3 
2943354058093040868 3 1 3 1 3 1 3 1 3 1 3 1 3 1 3 
9399661415276330574 3 1 3 1 3 1 3 1 3 1 3 1 3 1 3 
1505566597218773208 3 1 3 1 3 1 3 1 3 1 3 1 3 1 3 
13713023797899133554 3 1 3 1 3 1 3 1 3 1 3 1 3 1 3 
8251367136904957630 3 1 3 1 3 1 3 1 3 1 3 1 3 1 3 
1951421105006389032 3 1 3 1 3 1 3 1 3 1 3 1 3 1 3 
12807812435934285186 3 1 3 1 3 1 3 1 3 1 3 1 3 1 3 
9039482297190793550 3 1 3 1 3 1 3 1 3 1 3 1 3 1 3 
4705854231633034610 3 1 3 1 3 1 3 1 3 1 3 1 3 1 3 
2821763671353924372 3 1 3 1 3 1 3 1 3 1 3 1 3 1 3 
10196784736891679166 3 1 3 1 3 1 3 1 3 1 3 1 3 1 3 
10825696708324529724 3 1 3 1 3 1 3 1 3 1 3 1 3 1 3 
4365733402824293526 3 1 3 1 3 1 3 1 3 1 3 1 3 1 3 
7583048900669106492 3 1 3 1 3 1 3 1 3 1 3 1 3 1 3 
14093676825790563222 3 1 3 1 3 1 3 1 3 1 3 1 3 1 3 
7621104097608046140 3 1 3 1 3 1 3 1 3 1 3 1 3 1 3 
14080842226562841750 3 1 3 1 3 1 3 1 3 1 3 1 3 1 3 
10863639755077413180 3 1 3 1 3 1 3 1 3 1 3 1 3 1 3 
4353235254154740630 3 1 3 1 3 1 3 1 3 1 3 1 3 1 3 
11893913154528238320 3 1 3 1 3 1 3 1 3 1 3 1 3 1 3 
1127307651087790170 3 1 3 1 3 1 3 1 3 1 3 1 3 1 3 
6489500144621364720 3 1 3 1 3 1 3 1 3 1 3 1 3 1 3 
17340546680808410970 3 1 3 1 3 1 3 1 3 1 3 1 3 1 3 
1995635311518016590 3 1 3 1 3 1 3 1 3 1 3 1 3 1 3 
8225686354837081560 3 1 3 1 3 1 3 1 3 1 3 1 3 1 3 
2849978660147091570 3 1 3 1 3 1 3 1 3 1 3 1 3 1 3 
5628164640091714020 3 1 3 1 3 1 3 1 3 1 3 1 3 1 3 
1494883579030738110 3 1 3 1 3 1 3 1 3 1 3 1 3 1 3 
9018613454820834600 3 1 3 1 3 1 3 1 3 1 3 1 3 1 3 
6542698076278905548 3 1 3 1 3 1 3 1 3 1 3 1 3 1 3 
14725297069835865178 3 1 3 1 3 1 3 1 3 1 3 1 3 1 3 
11947111089037944268 3 1 3 1 3 1 3 1 3 1 3 1 3 1 3 
3700336745698177882 3 1 3 1 3 1 3 1 3 1 3 1 3 1 3 
11903951959121681100 3 1 3 1 3 1 3 1 3 1 3 1 3 1 3 
3721595803015695450 3 1 3 1 3 1 3 1 3 1 3 1 3 1 3 
6499725863339402700 3 1 3 1 3 1 3 1 3 1 3 1 3 1 3 
14746259259013804890 3 1 3 1 3 1 3 1 3 1 3 1 3 1 3 
1123930037265297510 3 1 3 1 3 1 3 1 3 1 3 1 3 1 3 
11029200036176094960 3 1 3 1 3 1 3 1 3 1 3 1 3 1 3 
17337169066985918310 3 1 3 1 3 1 3 1 3 1 3 1 3 1 3 
7354213262973508080 3 1 3 1 3 1 3 1 3 1 3 1 3 1 3 
13206933951928105860 3 1 3 1 3 1 3 1 3 1 3 1 3 1 3 
16006324014462135570 3 1 3 1 3 1 3 1 3 1 3 1 3 1 3 
9546302207363954504 3 1 3 1 3 1 3 1 3 1 3 1 3 1 3 
13278717795749104500 3 1 3 1 3 1 3 1 3 1 3 1 3 1 3 
1363976961547968990 3 1 3 1 3 1 3 1 3 1 3 1 3 1 3 
8900317136200382280 3 1 3 1 3 1 3 1 3 1 3 1 3 1 3 
15073246605574479330 3 1 3 1 3 1 3 1 3 1 3 1 3 1 3 
17082947032636531166 3 1 3 1 3 1 3 1 3 1 3 1 3 1 3 
7685016294744565354 3 1 3 1 3 1 3 1 3 1 3 1 3 1 3 
11991508380714429094 3 1 3 1 3 1 3 1 3 1 3 1 3 1 3 
11121174644150130330 3 1 3 1 3 1 3 1 3 1 3 1 3 1 3 
6240464775372511830 3 1 3 1 3 1 3 1 3 1 3 1 3 1 3 
10783401579799533930 3 1 3 1 3 1 3 1 3 1 3 1 3 1 3 
6443131912517752230 3 1 3 1 3 1 3 1 3 1 3 1 3 1 3 
7302206821813889434 3 1 3 1 3 1 3 1 3 1 3 1 3 1 3 
12221197802812368214 3 1 3 1 3 1 3 1 3 1 3 1 3 1 3 
10761819266063378026 3 1 3 1 3 1 3 1 3 1 3 1 3 1 3 
6455177062396553894 3 1 3 1 3 1 3 1 3 1 3 1 3 1 3 
7325484582480467610 3 1 3 1 3 1 3 1 3 1 3 1 3 1 3 
12206326908049529430 3 1 3 1 3 1 3 1 3 1 3 1 3 1 3 
7663251462078159210 3 1 3 1 3 1 3 1 3 1 3 1 3 1 3 
12003670078825797030 3 1 3 1 3 1 3 1 3 1 3 1 3 1 3 
11144621729607428506 3 1 3 1 3 1 3 1 3 1 3 1 3 1 3 
6225499322609657174 3 1 3 1 3 1 3 1 3 1 3 1 3 1 3 
10761727778070373994 3 1 3 1 3 1 3 1 3 1 3 1 3 1 3 
6455235694391093926 3 1 3 1 3 1 3 1 3 1 3 1 3 1 3 
7325569430285866650 3 1 3 1 3 1 3 1 3 1 3 1 3 1 3 
12206279297042389590 3 1 3 1 3 1 3 1 3 1 3 1 3 1 3 
7663342494793750890 3 1 3 1 3 1 3 1 3 1 3 1 3 1 3 
12003612159802774950 3 1 3 1 3 1 3 1 3 1 3 1 3 1 3 
11144537251179309466 3 1 3 1 3 1 3 1 3 1 3 1 3 1 3 
6225546272186197334 3 1 3 1 3 1 3 1 3 1 3 1 3 1 3 
7684924808540825194 3 1 3 1 3 1 3 1 3 1 3 1 3 1 3 
11991567009917004454 3 1 3 1 3 1 3 1 3 1 3 1 3 1 3 
11121259490502596250 3 1 3 1 3 1 3 1 3 1 3 1 3 1 3 
6240417166954699350 3 1 3 1 3 1 3 1 3 1 3 1 3 1 3 
10783492610747619690 3 1 3 1 3 1 3 1 3 1 3 1 3 1 3 
6443073996272801190 3 1 3 1 3 1 3 1 3 1 3 1 3 1 3 
7302122344818518426 3 1 3 1 3 1 3 1 3 1 3 1 3 1 3 
12221244749810853206 3 1 3 1 3 1 3 1 3 1 3 1 3 1 3 
13525568109435713400 3 1 3 1 3 1 3 1 3 1 3 1 3 1 3 
16217987631158514210 3 1 3 1 3 1 3 1 3 1 3 1 3 1 3 
1288542818824757970 3 1 3 1 3 1 3 1 3 1 3 1 3 1 3 
13023134170328893320 3 1 3 1 3 1 3 1 3 1 3 1 3 1 3 
9837915179567332276 3 1 3 1 3 1 3 1 3 1 3 1 3 1 3 
15141927547881463534 3 1 3 1 3 1 3 1 3 1 3 1 3 1 3 
17158383477462213330 3 1 3 1 3 1 3 1 3 1 3 1 3 1 3 
5423591276107499400 3 1 3 1 3 1 3 1 3 1 3 1 3 1 3 
6243842423552121450 3 1 3 1 3 1 3 1 3 1 3 1 3 1 3 
11126804057784211110 3 1 3 1 3 1 3 1 3 1 3 1 3 1 3 
11985878967080348314 3 1 3 1 3 1 3 1 3 1 3 1 3 1 3 
7681638646564955734 3 1 3 1 3 1 3 1 3 1 3 1 3 1 3 
12224575450991977834 3 1 3 1 3 1 3 1 3 1 3 1 3 1 3 
7307836235447970214 3 1 3 1 3 1 3 1 3 1 3 1 3 1 3 
6437502498883671450 3 1 3 1 3 1 3 1 3 1 3 1 3 1 3 
10780023931619924310 3 1 3 1 3 1 3 1 3 1 3 1 3 1 3 
12202949156790704746 3 1 3 1 3 1 3 1 3 1 3 1 3 1 3 
7319854997047695014 3 1 3 1 3 1 3 1 3 1 3 1 3 1 3 
6460806647829326490 3 1 3 1 3 1 3 1 3 1 3 1 3 1 3 
10765197017322202710 3 1 3 1 3 1 3 1 3 1 3 1 3 1 3 
6222121571350832490 3 1 3 1 3 1 3 1 3 1 3 1 3 1 3 
11138992144174655910 3 1 3 1 3 1 3 1 3 1 3 1 3 1 3 
12009299664258569626 3 1 3 1 3 1 3 1 3 1 3 1 3 1 3 
7666629213336983894 3 1 3 1 3 1 3 1 3 1 3 1 3 1 3 
12202901648860158570 3 1 3 1 3 1 3 1 3 1 3 1 3 1 3 
7319940016650213030 3 1 3 1 3 1 3 1 3 1 3 1 3 1 3 
6460865108026747546 3 1 3 1 3 1 3 1 3 1 3 1 3 1 3 
10765105426252605014 3 1 3 1 3 1 3 1 3 1 3 1 3 1 3 
6222168624003966314 3 1 3 1 3 1 3 1 3 1 3 1 3 1 3 
11138907837543655846 3 1 3 1 3 1 3 1 3 1 3 1 3 1 3 
12009241573438428570 3 1 3 1 3 1 3 1 3 1 3 1 3 1 3 
7666720142975981910 3 1 3 1 3 1 3 1 3 1 3 1 3 1 3 
6243794918216145514 3 1 3 1 3 1 3 1 3 1 3 1 3 1 3 
11126889075936941734 3 1 3 1 3 1 3 1 3 1 3 1 3 1 3 
11985937424482658970 3 1 3 1 3 1 3 1 3 1 3 1 3 1 3 
7681547057279379030 3 1 3 1 3 1 3 1 3 1 3 1 3 1 3 
12224622501072299370 3 1 3 1 3 1 3 1 3 1 3 1 3 1 3 
7307751930252863910 3 1 3 1 3 1 3 1 3 1 3 1 3 1 3 
6437444410838455706 3 1 3 1 3 1 3 1 3 1 3 1 3 1 3 
10780114859486173526 3 1 3 1 3 1 3 1 3 1 3 1 3 1 3 
1106379112112875212 3 1 3 1 3 1 3 1 3 1 3 1 3 1 3 
10825594220660719530 3 1 3 1 3 1 3 1 3 1 3 1 3 1 3 
17319255304707676620 3 1 3 1 3 1 3 1 3 1 3 1 3 1 3 
14742983956888902384 3 1 3 1 3 1 3 1 3 1 3 1 3 1 3 
3718115997767804400 3 1 3 1 3 1 3 1 3 1 3 1 3 1 3 
6196672344958944150 3 1 3 1 3 1 3 1 3 1 3 1 3 1 3 
17340364964160235212 3 1 3 1 3 1 3 1 3 1 3 1 3 1 3 
7621149851606122410 3 1 3 1 3 1 3 1 3 1 3 1 3 1 3 
1127488766431631820 3 1 3 1 3 1 3 1 3 1 3 1 3 1 3 
3703760113050671856 3 1 3 1 3 1 3 1 3 1 3 1 3 1 3 
14728628079721555440 3 1 3 1 3 1 3 1 3 1 3 1 3 1 3 
12250071729514464150 3 1 3 1 3 1 3 1 3 1 3 1 3 1 3 
7332088250334186582 3 1 3 1 3 1 3 1 3 1 3 1 3 1 3 
3488771014858791420 3 1 3 1 3 1 3 1 3 1 3 1 3 1 3 
6265355520615366810 3 1 3 1 3 1 3 1 3 1 3 1 3 1 3 
6414238203187875690 3 1 3 1 3 1 3 1 3 1 3 1 3 1 3 
4583093008149861900 3 1 3 1 3 1 3 1 3 1 3 1 3 1 3 
7651685471385486246 3 1 3 1 3 1 3 1 3 1 3 1 3 1 3 
16663967230664281812 3 1 3 1 3 1 3 1 3 1 3 1 3 1 3 
15316318076215147800 3 1 3 1 3 1 3 1 3 1 3 1 3 1 3 
12891580607004728190 3 1 3 1 3 1 3 1 3 1 3 1 3 1 3 
12832979935768028286 3 1 3 1 3 1 3 1 3 1 3 1 3 1 3 
9357306358265223090 3 1 3 1 3 1 3 1 3 1 3 1 3 1 3 
16698699703474287060 3 1 3 1 3 1 3 1 3 1 3 1 3 1 3 
15308156091375960600 3 1 3 1 3 1 3 1 3 1 3 1 3 1 3 
12832752865639670910 3 1 3 1 3 1 3 1 3 1 3 1 3 1 3 
9357120418296108978 3 1 3 1 3 1 3 1 3 1 3 1 3 1 3 
9305796315036772530 3 1 3 1 3 1 3 1 3 1 3 1 3 1 3 
16664077386760949460 3 1 3 1 3 1 3 1 3 1 3 1 3 1 3 
15316322164228865304 3 1 3 1 3 1 3 1 3 1 3 1 3 1 3 
17564203087763887770 3 1 3 1 3 1 3 1 3 1 3 1 3 1 3 
882588595658118810 3 1 3 1 3 1 3 1 3 1 3 1 3 1 3 
7325663554778251020 3 1 3 1 3 1 3 1 3 1 3 1 3 1 3 
10761646804801277948 3 1 3 1 3 1 3 1 3 1 3 1 3 1 3 
12003712534324902960 3 1 3 1 3 1 3 1 3 1 3 1 3 1 3 
6443174368522140720 3 1 3 1 3 1 3 1 3 1 3 1 3 1 3 
3529882459413910950 3 1 3 1 3 1 3 1 3 1 3 1 3 1 3 
13838534255729141078 3 1 3 1 3 1 3 1 3 1 3 1 3 1 3 
1138400988121574038 3 1 3 1 3 1 3 1 3 1 3 1 3 1 3 
6513959884308545340 3 1 3 1 3 1 3 1 3 1 3 1 3 1 3 
17351409122111673750 3 1 3 1 3 1 3 1 3 1 3 1 3 1 3 
10832581848990338288 3 1 3 1 3 1 3 1 3 1 3 1 3 1 3 
7590237508825854960 3 1 3 1 3 1 3 1 3 1 3 1 3 1 3 
14123106350603147610 3 1 3 1 3 1 3 1 3 1 3 1 3 1 3 
10832828583405604080 3 1 3 1 3 1 3 1 3 1 3 1 3 1 3 
4395331374517347930 3 1 3 1 3 1 3 1 3 1 3 1 3 1 3 
7589989460156494832 3 1 3 1 3 1 3 1 3 1 3 1 3 1 3 
11918280532374650940 3 1 3 1 3 1 3 1 3 1 3 1 3 1 3 
1138450098490944150 3 1 3 1 3 1 3 1 3 1 3 1 3 1 3 
17351359281568372118 3 1 3 1 3 1 3 1 3 1 3 1 3 1 3 
15335968058404015758 3 1 3 1 3 1 3 1 3 1 3 1 3 1 3 
3158345720175030670 3 1 3 1 3 1 3 1 3 1 3 1 3 1 3 
5570156506050062568 3 1 3 1 3 1 3 1 3 1 3 1 3 1 3 
3110665398422834830 3 1 3 1 3 1 3 1 3 1 3 1 3 1 3 
12848159320859285480 3 1 3 1 3 1 3 1 3 1 3 1 3 1 3 
15288509838000615822 3 1 3 1 3 1 3 1 3 1 3 1 3 1 3 
1663955204054495922 3 1 3 1 3 1 3 1 3 1 3 1 3 1 3 
8174569985439618260 3 1 3 1 3 1 3 1 3 1 3 1 3 1 3 
16723960474979552690 3 1 3 1 3 1 3 1 3 1 3 1 3 1 3 
10264010416303778772 3 1 3 1 3 1 3 1 3 1 3 1 3 1 3 
10272402988552017108 3 1 3 1 3 1 3 1 3 1 3 1 3 1 3 
8182502961827359700 3 1 3 1 3 1 3 1 3 1 3 1 3 1 3 
4248763141532049580 3 1 3 1 3 1 3 1 3 1 3 1 3 1 3 
6966217372358163190 3 1 3 1 3 1 3 1 3 1 3 1 3 1 3 
14264690643401613228 3 1 3 1 3 1 3 1 3 1 3 1 3 1 3 
8024559367927903494 3 1 3 1 3 1 3 1 3 1 3 1 3 1 3 
3820930866318307164 3 1 3 1 3 1 3 1 3 1 3 1 3 1 3 
11505578614230926838 3 1 3 1 3 1 3 1 3 1 3 1 3 1 3 
8044283507022744070 3 1 3 1 3 1 3 1 3 1 3 1 3 1 3 
3889231429133242460 3 1 3 1 3 1 3 1 3 1 3 1 3 1 3 
4181975506716303276 3 1 3 1 3 1 3 1 3 1 3 1 3 1 3 
10422444693036938502 3 1 3 1 3 1 3 1 3 1 3 1 3 1 3 
14625910793343168348 3 1 3 1 3 1 3 1 3 1 3 1 3 1 3 
6940898918103238134 3 1 3 1 3 1 3 1 3 1 3 1 3 1 3 
14197980936264114348 3 1 3 1 3 1 3 1 3 1 3 1 3 1 3 
8044544686781680134 3 1 3 1 3 1 3 1 3 1 3 1 3 1 3 
3889329552265744476 3 1 3 1 3 1 3 1 3 1 3 1 3 1 3 
11480526702544698102 3 1 3 1 3 1 3 1 3 1 3 1 3 1 3 
4182053426240855980 3 1 3 1 3 1 3 1 3 1 3 1 3 1 3 
6941165458289640950 3 1 3 1 3 1 3 1 3 1 3 1 3 1 3 
4248684930385928364 3 1 3 1 3 1 3 1 3 1 3 1 3 1 3 
10402460568184146438 3 1 3 1 3 1 3 1 3 1 3 1 3 1 3 
14557512648561627228 3 1 3 1 3 1 3 1 3 1 3 1 3 1 3 
6965949549889141494 3 1 3 1 3 1 3 1 3 1 3 1 3 1 3 
8024299379183531270 3 1 3 1 3 1 3 1 3 1 3 1 3 1 3 
3820833276399284060 3 1 3 1 3 1 3 1 3 1 3 1 3 1 3 
17727979442191117404 3 1 3 1 3 1 3 1 3 1 3 1 3 1 3 
8025685044496184634 3 1 3 1 3 1 3 1 3 1 3 1 3 1 3 
8043157383777864250 3 1 3 1 3 1 3 1 3 1 3 1 3 1 3 
10421318569792058682 3 1 3 1 3 1 3 1 3 1 3 1 3 1 3 
11768814253233932022 3 1 3 1 3 1 3 1 3 1 3 1 3 1 3 
6652877907600407030 3 1 3 1 3 1 3 1 3 1 3 1 3 1 3 
6677776348409169654 3 1 3 1 3 1 3 1 3 1 3 1 3 1 3 
14252383551823126416 3 1 3 1 3 1 3 1 3 1 3 1 3 1 3 
8421398721180340920 3 1 3 1 3 1 3 1 3 1 3 1 3 1 3 
13263696049701052020 3 1 3 1 3 1 3 1 3 1 3 1 3 1 3 
1349030273203074270 3 1 3 1 3 1 3 1 3 1 3 1 3 1 3 
15097320347998402530 3 1 3 1 3 1 3 1 3 1 3 1 3 1 3 
13250173637121462660 3 1 3 1 3 1 3 1 3 1 3 1 3 1 3 
2110138816604175150 3 1 3 1 3 1 3 1 3 1 3 1 3 1 3 
8421219460255126200 3 1 3 1 3 1 3 1 3 1 3 1 3 1 3 
16029583010705160210 3 1 3 1 3 1 3 1 3 1 3 1 3 1 3 
13263913130394771060 3 1 3 1 3 1 3 1 3 1 3 1 3 1 3 
8876068797684718920 3 1 3 1 3 1 3 1 3 1 3 1 3 1 3 
15097344828683827170 3 1 3 1 3 1 3 1 3 1 3 1 3 1 3 
2110015509218687790 3 1 3 1 3 1 3 1 3 1 3 1 3 1 3 
9129384841199932440 3 1 3 1 3 1 3 1 3 1 3 1 3 1 3 
12861959377195768020 3 1 3 1 3 1 3 1 3 1 3 1 3 1 3 
16705133332562201982 3 1 3 1 3 1 3 1 3 1 3 1 3 1 3 
16657532175647224446 3 1 3 1 3 1 3 1 3 1 3 1 3 1 3 
9101185666480417560 3 1 3 1 3 1 3 1 3 1 3 1 3 1 3 
12862602591506130900 3 1 3 1 3 1 3 1 3 1 3 1 3 1 3 
9317359234575160344 3 1 3 1 3 1 3 1 3 1 3 1 3 1 3 
15341438952584544690 3 1 3 1 3 1 3 1 3 1 3 1 3 1 3 
1741610738090790270 3 1 3 1 3 1 3 1 3 1 3 1 3 1 3 
15283038392487214770 3 1 3 1 3 1 3 1 3 1 3 1 3 1 3 
1789211894978425470 3 1 3 1 3 1 3 1 3 1 3 1 3 1 3 
9345558409290787608 3 1 3 1 3 1 3 1 3 1 3 1 3 1 3 
4323549749291292330 3 1 3 1 3 1 3 1 3 1 3 1 3 1 3 
17351412077049174630 3 1 3 1 3 1 3 1 3 1 3 1 3 1 3 
1138397345989305702 3 1 3 1 3 1 3 1 3 1 3 1 3 1 3 
11071272629328006384 3 1 3 1 3 1 3 1 3 1 3 1 3 1 3 
7396582724768183280 3 1 3 1 3 1 3 1 3 1 3 1 3 1 3 
12279411831467278140 3 1 3 1 3 1 3 1 3 1 3 1 3 1 3 
11071519363569208560 3 1 3 1 3 1 3 1 3 1 3 1 3 1 3 
6154517433465569340 3 1 3 1 3 1 3 1 3 1 3 1 3 1 3 
7396334676260303856 3 1 3 1 3 1 3 1 3 1 3 1 3 1 3 
17351356326630873702 3 1 3 1 3 1 3 1 3 1 3 1 3 1 3 
14051324751146871210 3 1 3 1 3 1 3 1 3 1 3 1 3 1 3 
1138453740623209830 3 1 3 1 3 1 3 1 3 1 3 1 3 1 3 
1287446902289395234 3 1 3 1 3 1 3 1 3 1 3 1 3 1 3 
15929551763169747694 3 1 3 1 3 1 3 1 3 1 3 1 3 1 3 
2174642490937893330 3 1 3 1 3 1 3 1 3 1 3 1 3 1 3 
15195476225353985310 3 1 3 1 3 1 3 1 3 1 3 1 3 1 3 
2516987651053134574 3 1 3 1 3 1 3 1 3 1 3 1 3 1 3 
3251085591418318110 3 1 3 1 3 1 3 1 3 1 3 1 3 1 3 
8697725538576660660 3 1 3 1 3 1 3 1 3 1 3 1 3 1 3 
8594144327670986564 3 1 3 1 3 1 3 1 3 1 3 1 3 1 3 
5442401719160386680 3 1 3 1 3 1 3 1 3 1 3 1 3 1 3 
9749034576835737780 3 1 3 1 3 1 3 1 3 1 3 1 3 1 3 
4933487195848162184 3 1 3 1 3 1 3 1 3 1 3 1 3 1 3 
9852618948837340996 3 1 3 1 3 1 3 1 3 1 3 1 3 1 3 
6455248617894225514 3 1 3 1 3 1 3 1 3 1 3 1 3 1 3 
10761750047564917414 3 1 3 1 3 1 3 1 3 1 3 1 3 1 3 
12206257585935505050 3 1 3 1 3 1 3 1 3 1 3 1 3 1 3 
7325555965642054230 3 1 3 1 3 1 3 1 3 1 3 1 3 1 3 
12003598695127472490 3 1 3 1 3 1 3 1 3 1 3 1 3 1 3 
7663320783655441830 3 1 3 1 3 1 3 1 3 1 3 1 3 1 3 
6225568541645121946 3 1 3 1 3 1 3 1 3 1 3 1 3 1 3 
11144550174646756694 3 1 3 1 3 1 3 1 3 1 3 1 3 1 3 
11991579933527090794 3 1 3 1 3 1 3 1 3 1 3 1 3 1 3 
7684947077857110694 3 1 3 1 3 1 3 1 3 1 3 1 3 1 3 
6240395455942186650 3 1 3 1 3 1 3 1 3 1 3 1 3 1 3 
11121246025701497430 3 1 3 1 3 1 3 1 3 1 3 1 3 1 3 
6443060531503126890 3 1 3 1 3 1 3 1 3 1 3 1 3 1 3 
10783470899766597030 3 1 3 1 3 1 3 1 3 1 3 1 3 1 3 
12221267019162823066 3 1 3 1 3 1 3 1 3 1 3 1 3 1 3 
7302135268464223574 3 1 3 1 3 1 3 1 3 1 3 1 3 1 3 
11991495457104373354 3 1 3 1 3 1 3 1 3 1 3 1 3 1 3 
7684994025428249254 3 1 3 1 3 1 3 1 3 1 3 1 3 1 3 
6240486486384989850 3 1 3 1 3 1 3 1 3 1 3 1 3 1 3 
11121188108951263830 3 1 3 1 3 1 3 1 3 1 3 1 3 1 3 
6443145377287395690 3 1 3 1 3 1 3 1 3 1 3 1 3 1 3 
10783423290780587430 3 1 3 1 3 1 3 1 3 1 3 1 3 1 3 
12221175533460433306 3 1 3 1 3 1 3 1 3 1 3 1 3 1 3 
7302193898168149334 3 1 3 1 3 1 3 1 3 1 3 1 3 1 3 
6455164138893452906 3 1 3 1 3 1 3 1 3 1 3 1 3 1 3 
10761796996568804006 3 1 3 1 3 1 3 1 3 1 3 1 3 1 3 
12206348619156379290 3 1 3 1 3 1 3 1 3 1 3 1 3 1 3 
7325498047124314710 3 1 3 1 3 1 3 1 3 1 3 1 3 1 3 
12003683543501068650 3 1 3 1 3 1 3 1 3 1 3 1 3 1 3 
7663273173216499110 3 1 3 1 3 1 3 1 3 1 3 1 3 1 3 
6225477053150767514 3 1 3 1 3 1 3 1 3 1 3 1 3 1 3 
11144608806139946326 3 1 3 1 3 1 3 1 3 1 3 1 3 1 3 
9140985529672945128 3 1 3 1 3 1 3 1 3 1 3 1 3 1 3 
2630409714315171762 3 1 3 1 3 1 3 1 3 1 3 1 3 1 3 
9089586659621319400 3 1 3 1 3 1 3 1 3 1 3 1 3 1 3 
12891692627725352484 3 1 3 1 3 1 3 1 3 1 3 1 3 1 3 
2629795087315495090 3 1 3 1 3 1 3 1 3 1 3 1 3 1 3 
16767504486629188734 3 1 3 1 3 1 3 1 3 1 3 1 3 1 3 
5613876415887343908 3 1 3 1 3 1 3 1 3 1 3 1 3 1 3 
1707467345593817982 3 1 3 1 3 1 3 1 3 1 3 1 3 1 3 
9357157414150583016 3 1 3 1 3 1 3 1 3 1 3 1 3 1 3 
5555051444276002340 3 1 3 1 3 1 3 1 3 1 3 1 3 1 3 
15816948989464537266 3 1 3 1 3 1 3 1 3 1 3 1 3 1 3 
1679239583567258750 3 1 3 1 3 1 3 1 3 1 3 1 3 1 3 
9073432566070267608 3 1 3 1 3 1 3 1 3 1 3 1 3 1 3 
1985287811081840830 3 1 3 1 3 1 3 1 3 1 3 1 3 1 3 
15614520327307979650 3 1 3 1 3 1 3 1 3 1 3 1 3 1 3 
1477981461200885838 3 1 3 1 3 1 3 1 3 1 3 1 3 1 3 
15545893140845108082 3 1 3 1 3 1 3 1 3 1 3 1 3 1 3 
12815130265846775060 3 1 3 1 3 1 3 1 3 1 3 1 3 1 3 
13702357016568689380 3 1 3 1 3 1 3 1 3 1 3 1 3 1 3 
9012914685784404440 3 1 3 1 3 1 3 1 3 1 3 1 3 1 3 
1977687446467565502 3 1 3 1 3 1 3 1 3 1 3 1 3 1 3 
15510708887656457330 3 1 3 1 3 1 3 1 3 1 3 1 3 1 3 
12765310120047903252 3 1 3 1 3 1 3 1 3 1 3 1 3 1 3 
8222375377236607272 3 1 3 1 3 1 3 1 3 1 3 1 3 1 3 
11459880093555797050 3 1 3 1 3 1 3 1 3 1 3 1 3 1 3 
6036337488127746294 3 1 3 1 3 1 3 1 3 1 3 1 3 1 3 
14601788814631172496 3 1 3 1 3 1 3 1 3 1 3 1 3 1 3 
11526491806485795642 3 1 3 1 3 1 3 1 3 1 3 1 3 1 3 
17753406695500954284 3 1 3 1 3 1 3 1 3 1 3 1 3 1 3 
8000183172635993034 3 1 3 1 3 1 3 1 3 1 3 1 3 1 3 
11802405175347015430 3 1 3 1 3 1 3 1 3 1 3 1 3 1 3 
11760429119923654662 3 1 3 1 3 1 3 1 3 1 3 1 3 1 3 
1229797291455290910 3 1 3 1 3 1 3 1 3 1 3 1 3 1 3 
3940638044088961644 3 1 3 1 3 1 3 1 3 1 3 1 3 1 3 
11545369047831321850 3 1 3 1 3 1 3 1 3 1 3 1 3 1 3 
14294149913202719388 3 1 3 1 3 1 3 1 3 1 3 1 3 1 3 
12666774220101292810 3 1 3 1 3 1 3 1 3 1 3 1 3 1 3 
14532845984898151788 3 1 3 1 3 1 3 1 3 1 3 1 3 1 3 
4134298531838035356 3 1 3 1 3 1 3 1 3 1 3 1 3 1 3 
12625440279487933450 3 1 3 1 3 1 3 1 3 1 3 1 3 1 3 
14506364247349332588 3 1 3 1 3 1 3 1 3 1 3 1 3 1 3 
4152325024971225756 3 1 3 1 3 1 3 1 3 1 3 1 3 1 3 
3913639536075208044 3 1 3 1 3 1 3 1 3 1 3 1 3 1 3 
11585119691701052410 3 1 3 1 3 1 3 1 3 1 3 1 3 1 3 
14312715167033394588 3 1 3 1 3 1 3 1 3 1 3 1 3 1 3 
12625398406248295434 3 1 3 1 3 1 3 1 3 1 3 1 3 1 3 
6901375026978004218 3 1 3 1 3 1 3 1 3 1 3 1 3 1 3 
4152594162876742300 3 1 3 1 3 1 3 1 3 1 3 1 3 1 3 
5779969855192470282 3 1 3 1 3 1 3 1 3 1 3 1 3 1 3 
3913898091271484780 3 1 3 1 3 1 3 1 3 1 3 1 3 1 3 
11585055966190003194 3 1 3 1 3 1 3 1 3 1 3 1 3 1 3 
5821303795825077258 3 1 3 1 3 1 3 1 3 1 3 1 3 1 3 
3940379828832635500 3 1 3 1 3 1 3 1 3 1 3 1 3 1 3 
11545430666627357946 3 1 3 1 3 1 3 1 3 1 3 1 3 1 3 
12666818108787888906 3 1 3 1 3 1 3 1 3 1 3 1 3 1 3 
6861624383089763322 3 1 3 1 3 1 3 1 3 1 3 1 3 1 3 
4134028909037421980 3 1 3 1 3 1 3 1 3 1 3 1 3 1 3 
16749216536573433010 3 1 3 1 3 1 3 1 3 1 3 1 3 1 3 
5560695293308334568 3 1 3 1 3 1 3 1 3 1 3 1 3 1 3 
1697342153462764722 3 1 3 1 3 1 3 1 3 1 3 1 3 1 3 
12886081563886580200 3 1 3 1 3 1 3 1 3 1 3 1 3 1 3 
1697527540644500658 3 1 3 1 3 1 3 1 3 1 3 1 3 1 3 
8208006221033681620 3 1 3 1 3 1 3 1 3 1 3 1 3 1 3 
12886048778717786600 3 1 3 1 3 1 3 1 3 1 3 1 3 1 3 
15326338256727054222 3 1 3 1 3 1 3 1 3 1 3 1 3 1 3 
16749401916738491570 3 1 3 1 3 1 3 1 3 1 3 1 3 1 3 
10238848177500828372 3 1 3 1 3 1 3 1 3 1 3 1 3 1 3 
5560662511506387432 3 1 3 1 3 1 3 1 3 1 3 1 3 1 3 
3120175894498187150 3 1 3 1 3 1 3 1 3 1 3 1 3 1 3 
15308042665246779570 3 1 3 1 3 1 3 1 3 1 3 1 3 1 3 
1782822362127934590 3 1 3 1 3 1 3 1 3 1 3 1 3 1 3 
5555065707876086228 3 1 3 1 3 1 3 1 3 1 3 1 3 1 3 
3138472044324317362 3 1 3 1 3 1 3 1 3 1 3 1 3 1 3 
9089462620915481880 3 1 3 1 3 1 3 1 3 1 3 1 3 1 3 
12891710977520136660 3 1 3 1 3 1 3 1 3 1 3 1 3 1 3 
5613893253853646548 3 1 3 1 3 1 3 1 3 1 3 1 3 1 3 
15316205002944288690 3 1 3 1 3 1 3 1 3 1 3 1 3 1 3 
1748200956350356350 3 1 3 1 3 1 3 1 3 1 3 1 3 1 3 
9140973430762062360 3 1 3 1 3 1 3 1 3 1 3 1 3 1 3 
12832881979843645140 3 1 3 1 3 1 3 1 3 1 3 1 3 1 3 
3130308839043307442 3 1 3 1 3 1 3 1 3 1 3 1 3 1 3 
6455163954207041130 3 1 3 1 3 1 3 1 3 1 3 1 3 1 3 
10761797327286332070 3 1 3 1 3 1 3 1 3 1 3 1 3 1 3 
12206348846793119386 3 1 3 1 3 1 3 1 3 1 3 1 3 1 3 
7325497690636589654 3 1 3 1 3 1 3 1 3 1 3 1 3 1 3 
12003683358814656874 3 1 3 1 3 1 3 1 3 1 3 1 3 1 3 
7663273503934027174 3 1 3 1 3 1 3 1 3 1 3 1 3 1 3 
6225477280787507610 3 1 3 1 3 1 3 1 3 1 3 1 3 1 3 
11144608449652221270 3 1 3 1 3 1 3 1 3 1 3 1 3 1 3 
11991495272423597674 3 1 3 1 3 1 3 1 3 1 3 1 3 1 3 
7684994356135684774 3 1 3 1 3 1 3 1 3 1 3 1 3 1 3 
6240486714014783130 3 1 3 1 3 1 3 1 3 1 3 1 3 1 3 
11121187752474417750 3 1 3 1 3 1 3 1 3 1 3 1 3 1 3 
6443145192606620010 3 1 3 1 3 1 3 1 3 1 3 1 3 1 3 
10783423621488022950 3 1 3 1 3 1 3 1 3 1 3 1 3 1 3 
12221175761090226586 3 1 3 1 3 1 3 1 3 1 3 1 3 1 3 
7302193541691303254 3 1 3 1 3 1 3 1 3 1 3 1 3 1 3 
11991580118207866474 3 1 3 1 3 1 3 1 3 1 3 1 3 1 3 
7684946747149675174 3 1 3 1 3 1 3 1 3 1 3 1 3 1 3 
6240395228312393370 3 1 3 1 3 1 3 1 3 1 3 1 3 1 3 
11121246382178343510 3 1 3 1 3 1 3 1 3 1 3 1 3 1 3 
6443060716183902570 3 1 3 1 3 1 3 1 3 1 3 1 3 1 3 
10783470569059161510 3 1 3 1 3 1 3 1 3 1 3 1 3 1 3 
12221266791533029786 3 1 3 1 3 1 3 1 3 1 3 1 3 1 3 
7302135624941069654 3 1 3 1 3 1 3 1 3 1 3 1 3 1 3 
6455248802580637290 3 1 3 1 3 1 3 1 3 1 3 1 3 1 3 
10761749716847389350 3 1 3 1 3 1 3 1 3 1 3 1 3 1 3 
12206257358298764954 3 1 3 1 3 1 3 1 3 1 3 1 3 1 3 
7325556322129779286 3 1 3 1 3 1 3 1 3 1 3 1 3 1 3 
12003598879813884266 3 1 3 1 3 1 3 1 3 1 3 1 3 1 3 
7663320452937913766 3 1 3 1 3 1 3 1 3 1 3 1 3 1 3 
6225568314008381850 3 1 3 1 3 1 3 1 3 1 3 1 3 1 3 
11144550531134481750 3 1 3 1 3 1 3 1 3 1 3 1 3 1 3 
10620494646970444956 3 1 3 1 3 1 3 1 3 1 3 1 3 1 3 
14324198028384549174 3 1 3 1 3 1 3 1 3 1 3 1 3 1 3 
18017218803967326730 3 1 3 1 3 1 3 1 3 1 3 1 3 1 3 
11271493285536046188 3 1 3 1 3 1 3 1 3 1 3 1 3 1 3 
12655203603978366880 3 1 3 1 3 1 3 1 3 1 3 1 3 1 3 
14539368674419657158 3 1 3 1 3 1 3 1 3 1 3 1 3 1 3 
14282821835802723894 3 1 3 1 3 1 3 1 3 1 3 1 3 1 3 
10636538475175515036 3 1 3 1 3 1 3 1 3 1 3 1 3 1 3 
14499680094646777542 3 1 3 1 3 1 3 1 3 1 3 1 3 1 3 
11282470976175170412 3 1 3 1 3 1 3 1 3 1 3 1 3 1 3 
7319868277003033194 3 1 3 1 3 1 3 1 3 1 3 1 3 1 3 
12202971198612985510 3 1 3 1 3 1 3 1 3 1 3 1 3 1 3 
10765174975466465946 3 1 3 1 3 1 3 1 3 1 3 1 3 1 3 
6460793367840597590 3 1 3 1 3 1 3 1 3 1 3 1 3 1 3 
11138979036018664810 3 1 3 1 3 1 3 1 3 1 3 1 3 1 3 
6222099632607373734 3 1 3 1 3 1 3 1 3 1 3 1 3 1 3 
7666651152114161050 3 1 3 1 3 1 3 1 3 1 3 1 3 1 3 
12009312772448213334 3 1 3 1 3 1 3 1 3 1 3 1 3 1 3 
11126817337906666090 3 1 3 1 3 1 3 1 3 1 3 1 3 1 3 
6243864465274132134 3 1 3 1 3 1 3 1 3 1 3 1 3 1 3 
7681616604876335770 3 1 3 1 3 1 3 1 3 1 3 1 3 1 3 
11985865686991349334 3 1 3 1 3 1 3 1 3 1 3 1 3 1 3 
7307823127123551594 3 1 3 1 3 1 3 1 3 1 3 1 3 1 3 
12224553512349575590 3 1 3 1 3 1 3 1 3 1 3 1 3 1 3 
10780045870228673946 3 1 3 1 3 1 3 1 3 1 3 1 3 1 3 
6437515607174371670 3 1 3 1 3 1 3 1 3 1 3 1 3 1 3 
11126875795814521450 3 1 3 1 3 1 3 1 3 1 3 1 3 1 3 
6243772876494100134 3 1 3 1 3 1 3 1 3 1 3 1 3 1 3 
7681569098967968410 3 1 3 1 3 1 3 1 3 1 3 1 3 1 3 
11985950704571688534 3 1 3 1 3 1 3 1 3 1 3 1 3 1 3 
7307765038577247594 3 1 3 1 3 1 3 1 3 1 3 1 3 1 3 
12224644439714736550 3 1 3 1 3 1 3 1 3 1 3 1 3 1 3 
10780092920877454746 3 1 3 1 3 1 3 1 3 1 3 1 3 1 3 
6437431302547724630 3 1 3 1 3 1 3 1 3 1 3 1 3 1 3 
7319926736694909546 3 1 3 1 3 1 3 1 3 1 3 1 3 1 3 
12202879607037843110 3 1 3 1 3 1 3 1 3 1 3 1 3 1 3 
10765127468108311194 3 1 3 1 3 1 3 1 3 1 3 1 3 1 3 
6460878388015507030 3 1 3 1 3 1 3 1 3 1 3 1 3 1 3 
11138920945699612010 3 1 3 1 3 1 3 1 3 1 3 1 3 1 3 
6222190562747460006 3 1 3 1 3 1 3 1 3 1 3 1 3 1 3 
7666698204198835610 3 1 3 1 3 1 3 1 3 1 3 1 3 1 3 
12009228465248754006 3 1 3 1 3 1 3 1 3 1 3 1 3 1 3 
3864081523332351660 3 1 3 1 3 1 3 1 3 1 3 1 3 1 3 
11472166913711975430 3 1 3 1 3 1 3 1 3 1 3 1 3 1 3 
14226600041942939228 3 1 3 1 3 1 3 1 3 1 3 1 3 1 3 
14600395856157931948 3 1 3 1 3 1 3 1 3 1 3 1 3 1 3 
4210855052594645340 3 1 3 1 3 1 3 1 3 1 3 1 3 1 3 
10431846325925094390 3 1 3 1 3 1 3 1 3 1 3 1 3 1 3 
14582930113954776748 3 1 3 1 3 1 3 1 3 1 3 1 3 1 3 
4219883142568212060 3 1 3 1 3 1 3 1 3 1 3 1 3 1 3 
10392799369496976630 3 1 3 1 3 1 3 1 3 1 3 1 3 1 3 
3846081418478221740 3 1 3 1 3 1 3 1 3 1 3 1 3 1 3 
11514204541766947590 3 1 3 1 3 1 3 1 3 1 3 1 3 1 3 
14236149300427950428 3 1 3 1 3 1 3 1 3 1 3 1 3 1 3 
6974577161064328198 3 1 3 1 3 1 3 1 3 1 3 1 3 1 3 
4220144034100868700 3 1 3 1 3 1 3 1 3 1 3 1 3 1 3 
10392720285701397750 3 1 3 1 3 1 3 1 3 1 3 1 3 1 3 
3846348220047358380 3 1 3 1 3 1 3 1 3 1 3 1 3 1 3 
11514107727861928710 3 1 3 1 3 1 3 1 3 1 3 1 3 1 3 
8014897748329014262 3 1 3 1 3 1 3 1 3 1 3 1 3 1 3 
3863813962258646700 3 1 3 1 3 1 3 1 3 1 3 1 3 1 3 
11472265812857170950 3 1 3 1 3 1 3 1 3 1 3 1 3 1 3 
8053944704775314678 3 1 3 1 3 1 3 1 3 1 3 1 3 1 3 
6932539532989780742 3 1 3 1 3 1 3 1 3 1 3 1 3 1 3 
4210594775611410780 3 1 3 1 3 1 3 1 3 1 3 1 3 1 3 
10431923372798878710 3 1 3 1 3 1 3 1 3 1 3 1 3 1 3 
6902156800120232970 3 1 3 1 3 1 3 1 3 1 3 1 3 1 3 
4156546943462472300 3 1 3 1 3 1 3 1 3 1 3 1 3 1 3 
14510586578157439644 3 1 3 1 3 1 3 1 3 1 3 1 3 1 3 
14316937085524641132 3 1 3 1 3 1 3 1 3 1 3 1 3 1 3 
5780771419059557370 3 1 3 1 3 1 3 1 3 1 3 1 3 1 3 
3917861866883315100 3 1 3 1 3 1 3 1 3 1 3 1 3 1 3 
14289927582394612332 3 1 3 1 3 1 3 1 3 1 3 1 3 1 3 
5820502271719992570 3 1 3 1 3 1 3 1 3 1 3 1 3 1 3 
3936416125597715100 3 1 3 1 3 1 3 1 3 1 3 1 3 1 3 
6860842650716168970 3 1 3 1 3 1 3 1 3 1 3 1 3 1 3 
4130076201029928300 3 1 3 1 3 1 3 1 3 1 3 1 3 1 3 
14528624066406905244 3 1 3 1 3 1 3 1 3 1 3 1 3 1 3 
11544587272489180170 3 1 3 1 3 1 3 1 3 1 3 1 3 1 3 
14290197127875328620 3 1 3 1 3 1 3 1 3 1 3 1 3 1 3 
5820458340102597882 3 1 3 1 3 1 3 1 3 1 3 1 3 1 3 
6860780988951585546 3 1 3 1 3 1 3 1 3 1 3 1 3 1 3 
12665972653065409530 3 1 3 1 3 1 3 1 3 1 3 1 3 1 3 
14528882204364305820 3 1 3 1 3 1 3 1 3 1 3 1 3 1 3 
6902220482700483594 3 1 3 1 3 1 3 1 3 1 3 1 3 1 3 
12626241800386473210 3 1 3 1 3 1 3 1 3 1 3 1 3 1 3 
14510327945641265820 3 1 3 1 3 1 3 1 3 1 3 1 3 1 3 
11585901421912482570 3 1 3 1 3 1 3 1 3 1 3 1 3 1 3 
14316667870320199020 3 1 3 1 3 1 3 1 3 1 3 1 3 1 3 
5780813249330648058 3 1 3 1 3 1 3 1 3 1 3 1 3 1 3 
2512295597150454852 3 1 3 1 3 1 3 1 3 1 3 1 3 1 3 
9833571450630762222 3 1 3 1 3 1 3 1 3 1 3 1 3 1 3 
16221486145059256440 3 1 3 1 3 1 3 1 3 1 3 1 3 1 3 
5455232569891607250 3 1 3 1 3 1 3 1 3 1 3 1 3 1 3 
3301850430071485620 3 1 3 1 3 1 3 1 3 1 3 1 3 1 3 
9761602573555146270 3 1 3 1 3 1 3 1 3 1 3 1 3 1 3 
2459659699783383876 3 1 3 1 3 1 3 1 3 1 3 1 3 1 3 
9838357330390159854 3 1 3 1 3 1 3 1 3 1 3 1 3 1 3 
16276373317314512760 3 1 3 1 3 1 3 1 3 1 3 1 3 1 3 
5425678534603910610 3 1 3 1 3 1 3 1 3 1 3 1 3 1 3 
3255407120067152820 3 1 3 1 3 1 3 1 3 1 3 1 3 1 3 
9765823991297859870 3 1 3 1 3 1 3 1 3 1 3 1 3 1 3 
2224016842017372228 3 1 3 1 3 1 3 1 3 1 3 1 3 1 3 
13004109987218510574 3 1 3 1 3 1 3 1 3 1 3 1 3 1 3 
15988210459116485496 3 1 3 1 3 1 3 1 3 1 3 1 3 1 3 
8596001829156295122 3 1 3 1 3 1 3 1 3 1 3 1 3 1 3 
15933304146949391480 3 1 3 1 3 1 3 1 3 1 3 1 3 1 3 
13008680657062931950 3 1 3 1 3 1 3 1 3 1 3 1 3 1 3 
16222727234474899524 3 1 3 1 3 1 3 1 3 1 3 1 3 1 3 
5442634086231626478 3 1 3 1 3 1 3 1 3 1 3 1 3 1 3 
2458533610896145272 3 1 3 1 3 1 3 1 3 1 3 1 3 1 3 
9850742246548705746 3 1 3 1 3 1 3 1 3 1 3 1 3 1 3 
9820981765320732370 3 1 3 1 3 1 3 1 3 1 3 1 3 1 3 
16275247606384396100 3 1 3 1 3 1 3 1 3 1 3 1 3 1 3 
5227532576544579298 3 1 3 1 3 1 3 1 3 1 3 1 3 1 3 
1356066675398706360 3 1 3 1 3 1 3 1 3 1 3 1 3 1 3 
16005084681253832820 3 1 3 1 3 1 3 1 3 1 3 1 3 1 3 
8914912720005567022 3 1 3 1 3 1 3 1 3 1 3 1 3 1 3 
17090799345317283000 3 1 3 1 3 1 3 1 3 1 3 1 3 1 3 
2441649982182344820 3 1 3 1 3 1 3 1 3 1 3 1 3 1 3 
16347582294515682120 3 1 3 1 3 1 3 1 3 1 3 1 3 1 3 
3319869493921859460 3 1 3 1 3 1 3 1 3 1 3 1 3 1 3 
8379177923760102878 3 1 3 1 3 1 3 1 3 1 3 1 3 1 3 
2099037495725230920 3 1 3 1 3 1 3 1 3 1 3 1 3 1 3 
15126900345296471940 3 1 3 1 3 1 3 1 3 1 3 1 3 1 3 
5150742628357624082 3 1 3 1 3 1 3 1 3 1 3 1 3 1 3 
17097779844000036834 3 1 3 1 3 1 3 1 3 1 3 1 3 1 3 
2417105764502502190 3 1 3 1 3 1 3 1 3 1 3 1 3 1 3 
1348973425234524130 3 1 3 1 3 1 3 1 3 1 3 1 3 1 3 
8421417155197522308 3 1 3 1 3 1 3 1 3 1 3 1 3 1 3 
13263894181117304136 3 1 3 1 3 1 3 1 3 1 3 1 3 1 3 
8421201026238042500 3 1 3 1 3 1 3 1 3 1 3 1 3 1 3 
5183029074332818760 3 1 3 1 3 1 3 1 3 1 3 1 3 1 3 
2417226960503012142 3 1 3 1 3 1 3 1 3 1 3 1 3 1 3 
11962633091181247654 3 1 3 1 3 1 3 1 3 1 3 1 3 1 3 
3500803228455823920 3 1 3 1 3 1 3 1 3 1 3 1 3 1 3 
11114869957510086810 3 1 3 1 3 1 3 1 3 1 3 1 3 1 3 
17534314075585336844 3 1 3 1 3 1 3 1 3 1 3 1 3 1 3 
14945857252305234480 3 1 3 1 3 1 3 1 3 1 3 1 3 1 3 
7332127746903228570 3 1 3 1 3 1 3 1 3 1 3 1 3 1 3 
889009298776697100 3 1 3 1 3 1 3 1 3 1 3 1 3 1 3 
12032720545787151270 3 1 3 1 3 1 3 1 3 1 3 1 3 1 3 
11151180587380522906 3 1 3 1 3 1 3 1 3 1 3 1 3 1 3 
17557675946765822220 3 1 3 1 3 1 3 1 3 1 3 1 3 1 3 
6414198534954746790 3 1 3 1 3 1 3 1 3 1 3 1 3 1 3 
14957959611034473776 3 1 3 1 3 1 3 1 3 1 3 1 3 1 3 
1985369337937936680 3 1 3 1 3 1 3 1 3 1 3 1 3 1 3 
9073368425830033230 3 1 3 1 3 1 3 1 3 1 3 1 3 1 3 
9013087700825659470 3 1 3 1 3 1 3 1 3 1 3 1 3 1 3 
13702246664698010482 3 1 3 1 3 1 3 1 3 1 3 1 3 1 3 
1477882076661199320 3 1 3 1 3 1 3 1 3 1 3 1 3 1 3 
8278772308511348670 3 1 3 1 3 1 3 1 3 1 3 1 3 1 3 
8222416840041113790 3 1 3 1 3 1 3 1 3 1 3 1 3 1 3 
12765215312164154242 3 1 3 1 3 1 3 1 3 1 3 1 3 1 3 
6887118488408737290 3 1 3 1 3 1 3 1 3 1 3 1 3 1 3 
4176406548983488620 3 1 3 1 3 1 3 1 3 1 3 1 3 1 3 
12637950710484317946 3 1 3 1 3 1 3 1 3 1 3 1 3 1 3 
14336484423435181932 3 1 3 1 3 1 3 1 3 1 3 1 3 1 3 
5792748658186308090 3 1 3 1 3 1 3 1 3 1 3 1 3 1 3 
3892689324540866460 3 1 3 1 3 1 3 1 3 1 3 1 3 1 3 
11559884576123766282 3 1 3 1 3 1 3 1 3 1 3 1 3 1 3 
5808523351516198650 3 1 3 1 3 1 3 1 3 1 3 1 3 1 3 
3961588021681803420 3 1 3 1 3 1 3 1 3 1 3 1 3 1 3 
6875882579080198410 3 1 3 1 3 1 3 1 3 1 3 1 3 1 3 
4110217048493743980 3 1 3 1 3 1 3 1 3 1 3 1 3 1 3 
14554117013309599644 3 1 3 1 3 1 3 1 3 1 3 1 3 1 3 
14270337528677965932 3 1 3 1 3 1 3 1 3 1 3 1 3 1 3 
5808793362262669050 3 1 3 1 3 1 3 1 3 1 3 1 3 1 3 
3961651097746428060 3 1 3 1 3 1 3 1 3 1 3 1 3 1 3 
6876140358072285450 3 1 3 1 3 1 3 1 3 1 3 1 3 1 3 
4110259646340947820 3 1 3 1 3 1 3 1 3 1 3 1 3 1 3 
12653995416473356794 3 1 3 1 3 1 3 1 3 1 3 1 3 1 3 
6886859496927249930 3 1 3 1 3 1 3 1 3 1 3 1 3 1 3 
4176363384905244780 3 1 3 1 3 1 3 1 3 1 3 1 3 1 3 
14485156056147775644 3 1 3 1 3 1 3 1 3 1 3 1 3 1 3 
11570861495279368458 3 1 3 1 3 1 3 1 3 1 3 1 3 1 3 
5792479908247620090 3 1 3 1 3 1 3 1 3 1 3 1 3 1 3 
3892627056299192220 3 1 3 1 3 1 3 1 3 1 3 1 3 1 3 
4164021632831758416 3 1 3 1 3 1 3 1 3 1 3 1 3 1 3 
17655622712337788060 3 1 3 1 3 1 3 1 3 1 3 1 3 1 3 
3907326143586021280 3 1 3 1 3 1 3 1 3 1 3 1 3 1 3 
18083448527820055404 3 1 3 1 3 1 3 1 3 1 3 1 3 1 3 
18017406361888463980 3 1 3 1 3 1 3 1 3 1 3 1 3 1 3 
4122601930285735760 3 1 3 1 3 1 3 1 3 1 3 1 3 1 3 
791121358996532380 3 1 3 1 3 1 3 1 3 1 3 1 3 1 3 
14539417934218571680 3 1 3 1 3 1 3 1 3 1 3 1 3 1 3 
14499792634680529056 3 1 3 1 3 1 3 1 3 1 3 1 3 1 3 
429337709345610860 3 1 3 1 3 1 3 1 3 1 3 1 3 1 3 
14324142147350388560 3 1 3 1 3 1 3 1 3 1 3 1 3 1 3 
722088521456259996 3 1 3 1 3 1 3 1 3 1 3 1 3 1 3 
4249586795950023520 3 1 3 1 3 1 3 1 3 1 3 1 3 1 3 
17741187875456053164 3 1 3 1 3 1 3 1 3 1 3 1 3 1 3 
6963632609650866490 3 1 3 1 3 1 3 1 3 1 3 1 3 1 3 
12425156744733013494 3 1 3 1 3 1 3 1 3 1 3 1 3 1 3 
705477862344978348 3 1 3 1 3 1 3 1 3 1 3 1 3 1 3 
6021319550650496502 3 1 3 1 3 1 3 1 3 1 3 1 3 1 3 
8047024308991560138 3 1 3 1 3 1 3 1 3 1 3 1 3 1 3 
3888470850813973392 3 1 3 1 3 1 3 1 3 1 3 1 3 1 3 
10399873640511244746 3 1 3 1 3 1 3 1 3 1 3 1 3 1 3 
6674063297892041990 3 1 3 1 3 1 3 1 3 1 3 1 3 1 3 
14558342797070783376 3 1 3 1 3 1 3 1 3 1 3 1 3 1 3 
487887871735865180 3 1 3 1 3 1 3 1 3 1 3 1 3 1 3 
2141315588851779810 3 1 3 1 3 1 3 1 3 1 3 1 3 1 3 
8921944534957567620 3 1 3 1 3 1 3 1 3 1 3 1 3 1 3 
5182835530619818680 3 1 3 1 3 1 3 1 3 1 3 1 3 1 3 
2417103771637675230 3 1 3 1 3 1 3 1 3 1 3 1 3 1 3 
16305417889173424354 3 1 3 1 3 1 3 1 3 1 3 1 3 1 3 
16029515116660094174 3 1 3 1 3 1 3 1 3 1 3 1 3 1 3 
2110072563781908450 3 1 3 1 3 1 3 1 3 1 3 1 3 1 3 
8876064588632871300 3 1 3 1 3 1 3 1 3 1 3 1 3 1 3 
5121192609118612920 3 1 3 1 3 1 3 1 3 1 3 1 3 1 3 
2410630784096963550 3 1 3 1 3 1 3 1 3 1 3 1 3 1 3 
9570463358027420036 3 1 3 1 3 1 3 1 3 1 3 1 3 1 3 
13325343755677593016 3 1 3 1 3 1 3 1 3 1 3 1 3 1 3 
6050926263462921900 3 1 3 1 3 1 3 1 3 1 3 1 3 1 3 
11748138327104747100 3 1 3 1 3 1 3 1 3 1 3 1 3 1 3 
3846263227727192010 3 1 3 1 3 1 3 1 3 1 3 1 3 1 3 
17990861033037583110 3 1 3 1 3 1 3 1 3 1 3 1 3 1 3 
14235980633911553850 3 1 3 1 3 1 3 1 3 1 3 1 3 1 3 
674572626293662710 3 1 3 1 3 1 3 1 3 1 3 1 3 1 3 
3846166410798342090 3 1 3 1 3 1 3 1 3 1 3 1 3 1 3 
14236057685301423930 3 1 3 1 3 1 3 1 3 1 3 1 3 1 3 
11472082582250310240 3 1 3 1 3 1 3 1 3 1 3 1 3 1 3 
6051090360211670700 3 1 3 1 3 1 3 1 3 1 3 1 3 1 3 
8054114690106210960 3 1 3 1 3 1 3 1 3 1 3 1 3 1 3 
11747985353817323100 3 1 3 1 3 1 3 1 3 1 3 1 3 1 3 
15977569858024409326 3 1 3 1 3 1 3 1 3 1 3 1 3 1 3 
16251106344075310290 3 1 3 1 3 1 3 1 3 1 3 1 3 1 3 
12983264973330243960 3 1 3 1 3 1 3 1 3 1 3 1 3 1 3 
13029526925081648760 3 1 3 1 3 1 3 1 3 1 3 1 3 1 3 
15943943493911017454 3 1 3 1 3 1 3 1 3 1 3 1 3 1 3 
16246867726743325650 3 1 3 1 3 1 3 1 3 1 3 1 3 1 3 
9867086031623430724 3 1 3 1 3 1 3 1 3 1 3 1 3 1 3 
13029707893767544440 3 1 3 1 3 1 3 1 3 1 3 1 3 1 3 
16246885059711486930 3 1 3 1 3 1 3 1 3 1 3 1 3 1 3 
16251090691680875730 3 1 3 1 3 1 3 1 3 1 3 1 3 1 3 
9804637069712940356 3 1 3 1 3 1 3 1 3 1 3 1 3 1 3 
12983083103204532600 3 1 3 1 3 1 3 1 3 1 3 1 3 1 3 
9812761621114576248 3 1 3 1 3 1 3 1 3 1 3 1 3 1 3 
2488032218790000594 3 1 3 1 3 1 3 1 3 1 3 1 3 1 3 
17170968440382995230 3 1 3 1 3 1 3 1 3 1 3 1 3 1 3 
3281071266621785890 3 1 3 1 3 1 3 1 3 1 3 1 3 1 3 
5471542081138581828 3 1 3 1 3 1 3 1 3 1 3 1 3 1 3 
16232231045137124334 3 1 3 1 3 1 3 1 3 1 3 1 3 1 3 
9737593540639075720 3 1 3 1 3 1 3 1 3 1 3 1 3 1 3 
5471360588441641284 3 1 3 1 3 1 3 1 3 1 3 1 3 1 3 
16232248343739780078 3 1 3 1 3 1 3 1 3 1 3 1 3 1 3 
9812518180082539896 3 1 3 1 3 1 3 1 3 1 3 1 3 1 3 
2488163894477682642 3 1 3 1 3 1 3 1 3 1 3 1 3 1 3 
4963491838228763060 3 1 3 1 3 1 3 1 3 1 3 1 3 1 3 
6684972064416659808 3 1 3 1 3 1 3 1 3 1 3 1 3 1 3 
17757517435610354634 3 1 3 1 3 1 3 1 3 1 3 1 3 1 3 
6987887398076728668 3 1 3 1 3 1 3 1 3 1 3 1 3 1 3 
14579097823013269494 3 1 3 1 3 1 3 1 3 1 3 1 3 1 3 
11761936218777581920 3 1 3 1 3 1 3 1 3 1 3 1 3 1 3 
11459117401622562140 3 1 3 1 3 1 3 1 3 1 3 1 3 1 3 
14221333214564228870 3 1 3 1 3 1 3 1 3 1 3 1 3 1 3 
17969484601053979450 3 1 3 1 3 1 3 1 3 1 3 1 3 1 3 
10379101280294745516 3 1 3 1 3 1 3 1 3 1 3 1 3 1 3 
4225312362660339462 3 1 3 1 3 1 3 1 3 1 3 1 3 1 3 
12409041654843509136 3 1 3 1 3 1 3 1 3 1 3 1 3 1 3 
477222170864624442 3 1 3 1 3 1 3 1 3 1 3 1 3 1 3 
4370113808181152938 3 1 3 1 3 1 3 1 3 1 3 1 3 1 3 
7421818938741266160 3 1 3 1 3 1 3 1 3 1 3 1 3 1 3 
14097740566664721322 3 1 3 1 3 1 3 1 3 1 3 1 3 1 3 
11096700158827588080 3 1 3 1 3 1 3 1 3 1 3 1 3 1 3 
14076778377475640490 3 1 3 1 3 1 3 1 3 1 3 1 3 1 3 
4348854750852494250 3 1 3 1 3 1 3 1 3 1 3 1 3 1 3 
6182503526006807100 3 1 3 1 3 1 3 1 3 1 3 1 3 1 3 
12307305562000631100 3 1 3 1 3 1 3 1 3 1 3 1 3 1 3 
17323641779707773030 3 1 3 1 3 1 3 1 3 1 3 1 3 1 3 
12264333349061089852 3 1 3 1 3 1 3 1 3 1 3 1 3 1 3 
1110435726779613030 3 1 3 1 3 1 3 1 3 1 3 1 3 1 3 
6139344396090582332 3 1 3 1 3 1 3 1 3 1 3 1 3 1 3 
6987791147392733430 3 1 3 1 3 1 3 1 3 1 3 1 3 1 3 
3842637750471542108 3 1 3 1 3 1 3 1 3 1 3 1 3 1 3 
6037730380239690810 3 1 3 1 3 1 3 1 3 1 3 1 3 1 3 
6645804268048241610 3 1 3 1 3 1 3 1 3 1 3 1 3 1 3 
4225285348052421292 3 1 3 1 3 1 3 1 3 1 3 1 3 1 3 
8001048299072757510 3 1 3 1 3 1 3 1 3 1 3 1 3 1 3 
6244634073221196394 3 1 3 1 3 1 3 1 3 1 3 1 3 1 3 
11125484643106334374 3 1 3 1 3 1 3 1 3 1 3 1 3 1 3 
11986776167170874010 3 1 3 1 3 1 3 1 3 1 3 1 3 1 3 
7680143311643498070 3 1 3 1 3 1 3 1 3 1 3 1 3 1 3 
12225472651193652586 3 1 3 1 3 1 3 1 3 1 3 1 3 1 3 
7306340900352448934 3 1 3 1 3 1 3 1 3 1 3 1 3 1 3 
6438294148642923930 3 1 3 1 3 1 3 1 3 1 3 1 3 1 3 
10778704516780566870 3 1 3 1 3 1 3 1 3 1 3 1 3 1 3 
12202051954005338730 3 1 3 1 3 1 3 1 3 1 3 1 3 1 3 
7321350333586056870 3 1 3 1 3 1 3 1 3 1 3 1 3 1 3 
6460015000855091866 3 1 3 1 3 1 3 1 3 1 3 1 3 1 3 
10766516430383175254 3 1 3 1 3 1 3 1 3 1 3 1 3 1 3 
6221329924265448810 3 1 3 1 3 1 3 1 3 1 3 1 3 1 3 
11140311557409692070 3 1 3 1 3 1 3 1 3 1 3 1 3 1 3 
12008402461383026074 3 1 3 1 3 1 3 1 3 1 3 1 3 1 3 
7668124550036826454 3 1 3 1 3 1 3 1 3 1 3 1 3 1 3 
12202110001785236074 3 1 3 1 3 1 3 1 3 1 3 1 3 1 3 
7321259429878998694 3 1 3 1 3 1 3 1 3 1 3 1 3 1 3 
6459967905140742810 3 1 3 1 3 1 3 1 3 1 3 1 3 1 3 
10766600762958698070 3 1 3 1 3 1 3 1 3 1 3 1 3 1 3 
6221271421229110634 3 1 3 1 3 1 3 1 3 1 3 1 3 1 3 
11140403174075685286 3 1 3 1 3 1 3 1 3 1 3 1 3 1 3 
12008449926453683610 3 1 3 1 3 1 3 1 3 1 3 1 3 1 3 
7668039556043286870 3 1 3 1 3 1 3 1 3 1 3 1 3 1 3 
6244692118407309930 3 1 3 1 3 1 3 1 3 1 3 1 3 1 3 
11125393740847752870 3 1 3 1 3 1 3 1 3 1 3 1 3 1 3 
11986729074252421786 3 1 3 1 3 1 3 1 3 1 3 1 3 1 3 
7680227642433689174 3 1 3 1 3 1 3 1 3 1 3 1 3 1 3 
12225414150730913130 3 1 3 1 3 1 3 1 3 1 3 1 3 1 3 
7306432515581237670 3 1 3 1 3 1 3 1 3 1 3 1 3 1 3 
6438341610939442586 3 1 3 1 3 1 3 1 3 1 3 1 3 1 3 
10778619524558465366 3 1 3 1 3 1 3 1 3 1 3 1 3 1 3 
6514854174094943914 3 1 3 1 3 1 3 1 3 1 3 1 3 1 3 
10855264542232586854 3 1 3 1 3 1 3 1 3 1 3 1 3 1 3 
12293025614827787866 3 1 3 1 3 1 3 1 3 1 3 1 3 1 3 
7373893863986584214 3 1 3 1 3 1 3 1 3 1 3 1 3 1 3 
11919223203536738730 3 1 3 1 3 1 3 1 3 1 3 1 3 1 3 
7612590348009362790 3 1 3 1 3 1 3 1 3 1 3 1 3 1 3 
6168074047769176410 3 1 3 1 3 1 3 1 3 1 3 1 3 1 3 
11048924617654314390 3 1 3 1 3 1 3 1 3 1 3 1 3 1 3 
11931840099468797610 3 1 3 1 3 1 3 1 3 1 3 1 3 1 3 
7591562188122597990 3 1 3 1 3 1 3 1 3 1 3 1 3 1 3 
6153774899047011930 3 1 3 1 3 1 3 1 3 1 3 1 3 1 3 
11072756532191255190 3 1 3 1 3 1 3 1 3 1 3 1 3 1 3 
6527570026073528746 3 1 3 1 3 1 3 1 3 1 3 1 3 1 3 
10834071455601612134 3 1 3 1 3 1 3 1 3 1 3 1 3 1 3 
12278614315919567194 3 1 3 1 3 1 3 1 3 1 3 1 3 1 3 
7397912695500285334 3 1 3 1 3 1 3 1 3 1 3 1 3 1 3 
11931889901037315754 3 1 3 1 3 1 3 1 3 1 3 1 3 1 3 
7591479530626919014 3 1 3 1 3 1 3 1 3 1 3 1 3 1 3 
6153718457626433114 3 1 3 1 3 1 3 1 3 1 3 1 3 1 3 
11072850210473007766 3 1 3 1 3 1 3 1 3 1 3 1 3 1 3 
6527520868743420330 3 1 3 1 3 1 3 1 3 1 3 1 3 1 3 
10834153726561375590 3 1 3 1 3 1 3 1 3 1 3 1 3 1 3 
12278670027201603930 3 1 3 1 3 1 3 1 3 1 3 1 3 1 3 
7397819455295366550 3 1 3 1 3 1 3 1 3 1 3 1 3 1 3 
6514903972818020010 3 1 3 1 3 1 3 1 3 1 3 1 3 1 3 
10855181886437042790 3 1 3 1 3 1 3 1 3 1 3 1 3 1 3 
12292969175917893210 3 1 3 1 3 1 3 1 3 1 3 1 3 1 3 
7373987540768217750 3 1 3 1 3 1 3 1 3 1 3 1 3 1 3 
11919174049065441706 3 1 3 1 3 1 3 1 3 1 3 1 3 1 3 
7612672617246709094 3 1 3 1 3 1 3 1 3 1 3 1 3 1 3 
6168129756528732506 3 1 3 1 3 1 3 1 3 1 3 1 3 1 3 
11048831378969175446 3 1 3 1 3 1 3 1 3 1 3 1 3 1 3 
16344075291613650450 3 1 3 1 3 1 3 1 3 1 3 1 3 1 3 
8914673721520179060 3 1 3 1 3 1 3 1 3 1 3 1 3 1 3 
15068448616002809310 3 1 3 1 3 1 3 1 3 1 3 1 3 1 3 
2383228694079332910 3 1 3 1 3 1 3 1 3 1 3 1 3 1 3 
13291376735116032840 3 1 3 1 3 1 3 1 3 1 3 1 3 1 3 
1359768310208647650 3 1 3 1 3 1 3 1 3 1 3 1 3 1 3 
13223840330475140280 3 1 3 1 3 1 3 1 3 1 3 1 3 1 3 
9532070352582625140 3 1 3 1 3 1 3 1 3 1 3 1 3 1 3 
3378295454521552350 3 1 3 1 3 1 3 1 3 1 3 1 3 1 3 
8378868540961671300 3 1 3 1 3 1 3 1 3 1 3 1 3 1 3 
5155367336730655560 3 1 3 1 3 1 3 1 3 1 3 1 3 1 3 
17086975766816739810 3 1 3 1 3 1 3 1 3 1 3 1 3 1 3 
5638926140217127554 3 1 3 1 3 1 3 1 3 1 3 1 3 1 3 
9407370628169907790 3 1 3 1 3 1 3 1 3 1 3 1 3 1 3 
16941372090048894936 3 1 3 1 3 1 3 1 3 1 3 1 3 1 3 
2870786260578343700 3 1 3 1 3 1 3 1 3 1 3 1 3 1 3 
13713023819373968754 3 1 3 1 3 1 3 1 3 1 3 1 3 1 3 
8251366711703220670 3 1 3 1 3 1 3 1 3 1 3 1 3 1 3 
4705824543166333554 3 1 3 1 3 1 3 1 3 1 3 1 3 1 3 
10196922175927242430 3 1 3 1 3 1 3 1 3 1 3 1 3 1 3 
16434997506643076904 3 1 3 1 3 1 3 1 3 1 3 1 3 1 3 
2943133053274876900 3 1 3 1 3 1 3 1 3 1 3 1 3 1 3 
12772628065942605186 3 1 3 1 3 1 3 1 3 1 3 1 3 1 3 
9047082121108996430 3 1 3 1 3 1 3 1 3 1 3 1 3 1 3 
5833674422375567370 3 1 3 1 3 1 3 1 3 1 3 1 3 1 3 
7189595717760556230 3 1 3 1 3 1 3 1 3 1 3 1 3 1 3 
3921727752178485612 3 1 3 1 3 1 3 1 3 1 3 1 3 1 3 
5767526749491080970 3 1 3 1 3 1 3 1 3 1 3 1 3 1 3 
3932705029091440236 3 1 3 1 3 1 3 1 3 1 3 1 3 1 3 
7149908376750220230 3 1 3 1 3 1 3 1 3 1 3 1 3 1 3 
5670468929802109570 3 1 3 1 3 1 3 1 3 1 3 1 3 1 3 
9402743883239149134 3 1 3 1 3 1 3 1 3 1 3 1 3 1 3 
1507535070924429528 3 1 3 1 3 1 3 1 3 1 3 1 3 1 3 
9043863288387817038 3 1 3 1 3 1 3 1 3 1 3 1 3 1 3 
16939400665700751576 3 1 3 1 3 1 3 1 3 1 3 1 3 1 3 
2871075432136381460 3 1 3 1 3 1 3 1 3 1 3 1 3 1 3 
16493350787738818344 3 1 3 1 3 1 3 1 3 1 3 1 3 1 3 
2893822155803859940 3 1 3 1 3 1 3 1 3 1 3 1 3 1 3 
8246849243541815742 3 1 3 1 3 1 3 1 3 1 3 1 3 1 3 
1953197912203450152 3 1 3 1 3 1 3 1 3 1 3 1 3 1 3 
4702177463096151410 3 1 3 1 3 1 3 1 3 1 3 1 3 1 3 
10200004107020616126 3 1 3 1 3 1 3 1 3 1 3 1 3 1 3 
2462872987085499934 3 1 3 1 3 1 3 1 3 1 3 1 3 1 3 
5457105425616111496 3 1 3 1 3 1 3 1 3 1 3 1 3 1 3 
1288542015665921490 3 1 3 1 3 1 3 1 3 1 3 1 3 1 3 
16280193597303804450 3 1 3 1 3 1 3 1 3 1 3 1 3 1 3 
15141926710362890734 3 1 3 1 3 1 3 1 3 1 3 1 3 1 3 
9833807992535366580 3 1 3 1 3 1 3 1 3 1 3 1 3 1 3 
13525568036421273720 3 1 3 1 3 1 3 1 3 1 3 1 3 1 3 
15141684558959927790 3 1 3 1 3 1 3 1 3 1 3 1 3 1 3 
9833693055168330676 3 1 3 1 3 1 3 1 3 1 3 1 3 1 3 
8680481897698538564 3 1 3 1 3 1 3 1 3 1 3 1 3 1 3 
5457086796339578760 3 1 3 1 3 1 3 1 3 1 3 1 3 1 3 
1288361396120182226 3 1 3 1 3 1 3 1 3 1 3 1 3 1 3 
6528417749538346666 3 1 3 1 3 1 3 1 3 1 3 1 3 1 3 
10832658583160248934 3 1 3 1 3 1 3 1 3 1 3 1 3 1 3 
12279462039384385114 3 1 3 1 3 1 3 1 3 1 3 1 3 1 3 
7396499823058922134 3 1 3 1 3 1 3 1 3 1 3 1 3 1 3 
11932681225863850410 3 1 3 1 3 1 3 1 3 1 3 1 3 1 3 
7590160310797509990 3 1 3 1 3 1 3 1 3 1 3 1 3 1 3 
6154616025442064730 3 1 3 1 3 1 3 1 3 1 3 1 3 1 3 
11071354654866167190 3 1 3 1 3 1 3 1 3 1 3 1 3 1 3 
11918382077141685930 3 1 3 1 3 1 3 1 3 1 3 1 3 1 3 
7613992225334450790 3 1 3 1 3 1 3 1 3 1 3 1 3 1 3 
6167232921374123610 3 1 3 1 3 1 3 1 3 1 3 1 3 1 3 
11050326494979402390 3 1 3 1 3 1 3 1 3 1 3 1 3 1 3 
6514006450630125994 3 1 3 1 3 1 3 1 3 1 3 1 3 1 3 
10856677414673950054 3 1 3 1 3 1 3 1 3 1 3 1 3 1 3 
12292177891362969946 3 1 3 1 3 1 3 1 3 1 3 1 3 1 3 
7375306736427947414 3 1 3 1 3 1 3 1 3 1 3 1 3 1 3 
11918326325600229034 3 1 3 1 3 1 3 1 3 1 3 1 3 1 3 
7614085489688730214 3 1 3 1 3 1 3 1 3 1 3 1 3 1 3 
6167282033063519834 3 1 3 1 3 1 3 1 3 1 3 1 3 1 3 
11050244251411196566 3 1 3 1 3 1 3 1 3 1 3 1 3 1 3 
6514062846422575530 3 1 3 1 3 1 3 1 3 1 3 1 3 1 3 
10856583763762783590 3 1 3 1 3 1 3 1 3 1 3 1 3 1 3 
12292128049522448730 3 1 3 1 3 1 3 1 3 1 3 1 3 1 3 
7375389418093958550 3 1 3 1 3 1 3 1 3 1 3 1 3 1 3 
6528361995138864810 3 1 3 1 3 1 3 1 3 1 3 1 3 1 3 
10832751849235634790 3 1 3 1 3 1 3 1 3 1 3 1 3 1 3 
12279511153597048410 3 1 3 1 3 1 3 1 3 1 3 1 3 1 3 
7396417577969625750 3 1 3 1 3 1 3 1 3 1 3 1 3 1 3 
11932737624502528426 3 1 3 1 3 1 3 1 3 1 3 1 3 1 3 
7590066658184897894 3 1 3 1 3 1 3 1 3 1 3 1 3 1 3 
6154566181091645786 3 1 3 1 3 1 3 1 3 1 3 1 3 1 3 
11071437338030986646 3 1 3 1 3 1 3 1 3 1 3 1 3 1 3 
8613059196411753540 3 1 3 1 3 1 3 1 3 1 3 1 3 1 3 
15937413477637955310 3 1 3 1 3 1 3 1 3 1 3 1 3 1 3 
5457104394823960696 3 1 3 1 3 1 3 1 3 1 3 1 3 1 3 
9833816170153096260 3 1 3 1 3 1 3 1 3 1 3 1 3 1 3 
2509086766483185390 3 1 3 1 3 1 3 1 3 1 3 1 3 1 3 
2228768493654844114 3 1 3 1 3 1 3 1 3 1 3 1 3 1 3 
8608836620537842500 3 1 3 1 3 1 3 1 3 1 3 1 3 1 3 
15983857689082126830 3 1 3 1 3 1 3 1 3 1 3 1 3 1 3 
5423608797584455544 3 1 3 1 3 1 3 1 3 1 3 1 3 1 3 
9838037844083821380 3 1 3 1 3 1 3 1 3 1 3 1 3 1 3 
2462644230076359150 3 1 3 1 3 1 3 1 3 1 3 1 3 1 3 
2166563323252956626 3 1 3 1 3 1 3 1 3 1 3 1 3 1 3 
6460859631943457386 3 1 3 1 3 1 3 1 3 1 3 1 3 1 3 
10765108711902566054 3 1 3 1 3 1 3 1 3 1 3 1 3 1 3 
12202896172776843930 3 1 3 1 3 1 3 1 3 1 3 1 3 1 3 
7319943302300214870 3 1 3 1 3 1 3 1 3 1 3 1 3 1 3 
12009247092471391594 3 1 3 1 3 1 3 1 3 1 3 1 3 1 3 
7666716831556217254 3 1 3 1 3 1 3 1 3 1 3 1 3 1 3 
6222174143036954010 3 1 3 1 3 1 3 1 3 1 3 1 3 1 3 
11138904526123850070 3 1 3 1 3 1 3 1 3 1 3 1 3 1 3 
11985931948399368810 3 1 3 1 3 1 3 1 3 1 3 1 3 1 3 
7681550342929340070 3 1 3 1 3 1 3 1 3 1 3 1 3 1 3 
6243789442132830874 3 1 3 1 3 1 3 1 3 1 3 1 3 1 3 
11126892361586943574 3 1 3 1 3 1 3 1 3 1 3 1 3 1 3 
6437449929871418730 3 1 3 1 3 1 3 1 3 1 3 1 3 1 3 
10780111548066408870 3 1 3 1 3 1 3 1 3 1 3 1 3 1 3 
12224628020105287066 3 1 3 1 3 1 3 1 3 1 3 1 3 1 3 
7307748618833058134 3 1 3 1 3 1 3 1 3 1 3 1 3 1 3 
11985884443163662954 3 1 3 1 3 1 3 1 3 1 3 1 3 1 3 
7681635360914953894 3 1 3 1 3 1 3 1 3 1 3 1 3 1 3 
6243847899635411610 3 1 3 1 3 1 3 1 3 1 3 1 3 1 3 
11126800772134250070 3 1 3 1 3 1 3 1 3 1 3 1 3 1 3 
6437496979850683754 3 1 3 1 3 1 3 1 3 1 3 1 3 1 3 
10780027243039730086 3 1 3 1 3 1 3 1 3 1 3 1 3 1 3 
12224569931959014810 3 1 3 1 3 1 3 1 3 1 3 1 3 1 3 
7307839546867734870 3 1 3 1 3 1 3 1 3 1 3 1 3 1 3 
6460812123912641130 3 1 3 1 3 1 3 1 3 1 3 1 3 1 3 
10765193731672200870 3 1 3 1 3 1 3 1 3 1 3 1 3 1 3 
12202954632873994906 3 1 3 1 3 1 3 1 3 1 3 1 3 1 3 
7319851711397733974 3 1 3 1 3 1 3 1 3 1 3 1 3 1 3 
12009294145225581930 3 1 3 1 3 1 3 1 3 1 3 1 3 1 3 
7666632524756789670 3 1 3 1 3 1 3 1 3 1 3 1 3 1 3 
6222116052317869466 3 1 3 1 3 1 3 1 3 1 3 1 3 1 3 
11138995455594420566 3 1 3 1 3 1 3 1 3 1 3 1 3 1 3 
5660324062426205518 3 1 3 1 3 1 3 1 3 1 3 1 3 1 3 
1501907478354908948 3 1 3 1 3 1 3 1 3 1 3 1 3 1 3 
9060765754226459010 3 1 3 1 3 1 3 1 3 1 3 1 3 1 3 
12786426045712403790 3 1 3 1 3 1 3 1 3 1 3 1 3 1 3 
2874444627822975960 3 1 3 1 3 1 3 1 3 1 3 1 3 1 3 
16945032072201230100 3 1 3 1 3 1 3 1 3 1 3 1 3 1 3 
15498042075645274920 3 1 3 1 3 1 3 1 3 1 3 1 3 1 3 
2006591038649018340 3 1 3 1 3 1 3 1 3 1 3 1 3 1 3 
10182147814851522930 3 1 3 1 3 1 3 1 3 1 3 1 3 1 3 
4720491152102555070 3 1 3 1 3 1 3 1 3 1 3 1 3 1 3 
2948480236017937192 3 1 3 1 3 1 3 1 3 1 3 1 3 1 3 
8264458798429745522 3 1 3 1 3 1 3 1 3 1 3 1 3 1 3 
14094353229036272742 3 1 3 1 3 1 3 1 3 1 3 1 3 1 3 
4366746261761999718 3 1 3 1 3 1 3 1 3 1 3 1 3 1 3 
4352222812667722854 3 1 3 1 3 1 3 1 3 1 3 1 3 1 3 
12317526401803594480 3 1 3 1 3 1 3 1 3 1 3 1 3 1 3 
14080166230500164454 3 1 3 1 3 1 3 1 3 1 3 1 3 1 3 
6192548446465906160 3 1 3 1 3 1 3 1 3 1 3 1 3 1 3 
17341674028097269930 3 1 3 1 3 1 3 1 3 1 3 1 3 1 3 
7366928238033790524 3 1 3 1 3 1 3 1 3 1 3 1 3 1 3 
1128995740750319530 3 1 3 1 3 1 3 1 3 1 3 1 3 1 3 
11041816056699853116 3 1 3 1 3 1 3 1 3 1 3 1 3 1 3 
11079864656569001532 3 1 3 1 3 1 3 1 3 1 3 1 3 1 3 
7404877881856465212 3 1 3 1 3 1 3 1 3 1 3 1 3 1 3 
2876422649240884440 3 1 3 1 3 1 3 1 3 1 3 1 3 1 3 
10178611806840209010 3 1 3 1 3 1 3 1 3 1 3 1 3 1 3 
16944749497712957460 3 1 3 1 3 1 3 1 3 1 3 1 3 1 3 
4723569361120555710 3 1 3 1 3 1 3 1 3 1 3 1 3 1 3 
9029363702129865090 3 1 3 1 3 1 3 1 3 1 3 1 3 1 3 
12790912053154774350 3 1 3 1 3 1 3 1 3 1 3 1 3 1 3 
15556817569205984040 3 1 3 1 3 1 3 1 3 1 3 1 3 1 3 
9029226378695717250 3 1 3 1 3 1 3 1 3 1 3 1 3 1 3 
1956857928713033700 3 1 3 1 3 1 3 1 3 1 3 1 3 1 3 
12790941205193194830 3 1 3 1 3 1 3 1 3 1 3 1 3 1 3 
10178502933804596850 3 1 3 1 3 1 3 1 3 1 3 1 3 1 3 
4723575282219184830 3 1 3 1 3 1 3 1 3 1 3 1 3 1 3 
2148534862416326370 3 1 3 1 3 1 3 1 3 1 3 1 3 1 3 
8914672553289074820 3 1 3 1 3 1 3 1 3 1 3 1 3 1 3 
5155349750702437560 3 1 3 1 3 1 3 1 3 1 3 1 3 1 3 
2444642259659002590 3 1 3 1 3 1 3 1 3 1 3 1 3 1 3 
13291383950661088440 3 1 3 1 3 1 3 1 3 1 3 1 3 1 3 
16001884510180152030 3 1 3 1 3 1 3 1 3 1 3 1 3 1 3 
2102655378136158690 3 1 3 1 3 1 3 1 3 1 3 1 3 1 3 
8883428929272592260 3 1 3 1 3 1 3 1 3 1 3 1 3 1 3 
5148876301117197240 3 1 3 1 3 1 3 1 3 1 3 1 3 1 3 
2382999937104408030 3 1 3 1 3 1 3 1 3 1 3 1 3 1 3 
16343881828473623010 3 1 3 1 3 1 3 1 3 1 3 1 3 1 3 
9563190998407296900 3 1 3 1 3 1 3 1 3 1 3 1 3 1 3 
7609206893031348906 3 1 3 1 3 1 3 1 3 1 3 1 3 1 3 
11913597260234659430 3 1 3 1 3 1 3 1 3 1 3 1 3 1 3 
11054548911688952410 3 1 3 1 3 1 3 1 3 1 3 1 3 1 3 
6171454753968121494 3 1 3 1 3 1 3 1 3 1 3 1 3 1 3 
10851892082370848170 3 1 3 1 3 1 3 1 3 1 3 1 3 1 3 
6509221633723099494 3 1 3 1 3 1 3 1 3 1 3 1 3 1 3 
7379529153137497434 3 1 3 1 3 1 3 1 3 1 3 1 3 1 3 
12296399723956967830 3 1 3 1 3 1 3 1 3 1 3 1 3 1 3 
10837443400067275434 3 1 3 1 3 1 3 1 3 1 3 1 3 1 3 
6533203081841448550 3 1 3 1 3 1 3 1 3 1 3 1 3 1 3 
7392277990464924250 3 1 3 1 3 1 3 1 3 1 3 1 3 1 3 
12275239622674835094 3 1 3 1 3 1 3 1 3 1 3 1 3 1 3 
7594945127704536490 3 1 3 1 3 1 3 1 3 1 3 1 3 1 3 
11937466558166952294 3 1 3 1 3 1 3 1 3 1 3 1 3 1 3 
11067132822272169306 3 1 3 1 3 1 3 1 3 1 3 1 3 1 3 
6150393608732514710 3 1 3 1 3 1 3 1 3 1 3 1 3 1 3 
10837537181536770730 3 1 3 1 3 1 3 1 3 1 3 1 3 1 3 
6533146812043925094 3 1 3 1 3 1 3 1 3 1 3 1 3 1 3 
7392195161262303834 3 1 3 1 3 1 3 1 3 1 3 1 3 1 3 
12275289321005278870 3 1 3 1 3 1 3 1 3 1 3 1 3 1 3 
7594851990486033834 3 1 3 1 3 1 3 1 3 1 3 1 3 1 3 
11937522441407588710 3 1 3 1 3 1 3 1 3 1 3 1 3 1 3 
11067214921323664730 3 1 3 1 3 1 3 1 3 1 3 1 3 1 3 
6150344348499876246 3 1 3 1 3 1 3 1 3 1 3 1 3 1 3 
7609300672783669930 3 1 3 1 3 1 3 1 3 1 3 1 3 1 3 
11913540993299093094 3 1 3 1 3 1 3 1 3 1 3 1 3 1 3 
11054466084002966106 3 1 3 1 3 1 3 1 3 1 3 1 3 1 3 
6171504449770841750 3 1 3 1 3 1 3 1 3 1 3 1 3 1 3 
10851798946857723306 3 1 3 1 3 1 3 1 3 1 3 1 3 1 3 
6509277514121439590 3 1 3 1 3 1 3 1 3 1 3 1 3 1 3 
7379611250685728090 3 1 3 1 3 1 3 1 3 1 3 1 3 1 3 
12296350466229770646 3 1 3 1 3 1 3 1 3 1 3 1 3 1 3 
13882792240145389248 3 1 3 1 3 1 3 1 3 1 3 1 3 1 3 
12020093775810146470 3 1 3 1 3 1 3 1 3 1 3 1 3 1 3 
11165496215841279130 3 1 3 1 3 1 3 1 3 1 3 1 3 1 3 
18200640114413431548 3 1 3 1 3 1 3 1 3 1 3 1 3 1 3 
17553440563801987596 3 1 3 1 3 1 3 1 3 1 3 1 3 1 3 
14962757918282589744 3 1 3 1 3 1 3 1 3 1 3 1 3 1 3 
11975339025990733734 3 1 3 1 3 1 3 1 3 1 3 1 3 1 3 
11100475164216849306 3 1 3 1 3 1 3 1 3 1 3 1 3 1 3 
10737495933110387562 3 1 3 1 3 1 3 1 3 1 3 1 3 1 3 
17538523070268531980 3 1 3 1 3 1 3 1 3 1 3 1 3 1 3 
14941085333337758000 3 1 3 1 3 1 3 1 3 1 3 1 3 1 3 
12195470256206200662 3 1 3 1 3 1 3 1 3 1 3 1 3 1 3 
5660224168798381272 3 1 3 1 3 1 3 1 3 1 3 1 3 1 3 
1956658243118084466 3 1 3 1 3 1 3 1 3 1 3 1 3 1 3 
15498221662107108030 3 1 3 1 3 1 3 1 3 1 3 1 3 1 3 
9421226780255246100 3 1 3 1 3 1 3 1 3 1 3 1 3 1 3 
8264637650335291620 3 1 3 1 3 1 3 1 3 1 3 1 3 1 3 
5660417919527544024 3 1 3 1 3 1 3 1 3 1 3 1 3 1 3 
2818041214826679630 3 1 3 1 3 1 3 1 3 1 3 1 3 1 3 
1956688358090191218 3 1 3 1 3 1 3 1 3 1 3 1 3 1 3 
14295388625592954634 3 1 3 1 3 1 3 1 3 1 3 1 3 1 3 
11257088583774434640 3 1 3 1 3 1 3 1 3 1 3 1 3 1 3 
18041226639481541430 3 1 3 1 3 1 3 1 3 1 3 1 3 1 3 
10607884348587050400 3 1 3 1 3 1 3 1 3 1 3 1 3 1 3 
17676805536413344710 3 1 3 1 3 1 3 1 3 1 3 1 3 1 3 
12613169273985644956 3 1 3 1 3 1 3 1 3 1 3 1 3 1 3 
17676733013421745094 3 1 3 1 3 1 3 1 3 1 3 1 3 1 3 
14514084795745591290 3 1 3 1 3 1 3 1 3 1 3 1 3 1 3 
12612899613800020380 3 1 3 1 3 1 3 1 3 1 3 1 3 1 3 
14295432133791952650 3 1 3 1 3 1 3 1 3 1 3 1 3 1 3 
11530892554584836460 3 1 3 1 3 1 3 1 3 1 3 1 3 1 3 
11257250378380866896 3 1 3 1 3 1 3 1 3 1 3 1 3 1 3 
12206391048806993088 3 1 3 1 3 1 3 1 3 1 3 1 3 1 3 
14916952873760746150 3 1 3 1 3 1 3 1 3 1 3 1 3 1 3 
6455134963377830960 3 1 3 1 3 1 3 1 3 1 3 1 3 1 3 
4608125155585071702 3 1 3 1 3 1 3 1 3 1 3 1 3 1 3 
18216948715116845418 3 1 3 1 3 1 3 1 3 1 3 1 3 1 3 
11144716038785613580 3 1 3 1 3 1 3 1 3 1 3 1 3 1 3 
882541314006886810 3 1 3 1 3 1 3 1 3 1 3 1 3 1 3 
7663170261173850108 3 1 3 1 3 1 3 1 3 1 3 1 3 1 3 
3529882687047166630 3 1 3 1 3 1 3 1 3 1 3 1 3 1 3 
13838534071045560918 3 1 3 1 3 1 3 1 3 1 3 1 3 1 3 
7302301130419420940 3 1 3 1 3 1 3 1 3 1 3 1 3 1 3 
10783320379400507388 3 1 3 1 3 1 3 1 3 1 3 1 3 1 3 
17341767807853500108 3 1 3 1 3 1 3 1 3 1 3 1 3 1 3 
6485464227149724774 3 1 3 1 3 1 3 1 3 1 3 1 3 1 3 
14742086759170288368 3 1 3 1 3 1 3 1 3 1 3 1 3 1 3 
7366977934852030554 3 1 3 1 3 1 3 1 3 1 3 1 3 1 3 
1128902605241149900 3 1 3 1 3 1 3 1 3 1 3 1 3 1 3 
3717324345615668720 3 1 3 1 3 1 3 1 3 1 3 1 3 1 3 
1104976268420028108 3 1 3 1 3 1 3 1 3 1 3 1 3 1 3 
11961279845713001574 3 1 3 1 3 1 3 1 3 1 3 1 3 1 3 
3704657318308588272 3 1 3 1 3 1 3 1 3 1 3 1 3 1 3 
11079766137615876186 3 1 3 1 3 1 3 1 3 1 3 1 3 1 3 
17317841465898527180 3 1 3 1 3 1 3 1 3 1 3 1 3 1 3 
14729419724313417200 3 1 3 1 3 1 3 1 3 1 3 1 3 1 3 
17657034566821896096 3 1 3 1 3 1 3 1 3 1 3 1 3 1 3 
6890729297630000394 3 1 3 1 3 1 3 1 3 1 3 1 3 1 3 
430818977271689040 3 1 3 1 3 1 3 1 3 1 3 1 3 1 3 
12632659873569179130 3 1 3 1 3 1 3 1 3 1 3 1 3 1 3 
14498880912160875420 3 1 3 1 3 1 3 1 3 1 3 1 3 1 3 
7177882341432412470 3 1 3 1 3 1 3 1 3 1 3 1 3 1 3 
789646589911719840 3 1 3 1 3 1 3 1 3 1 3 1 3 1 3 
11556177035649086730 3 1 3 1 3 1 3 1 3 1 3 1 3 1 3 
14283640859420627820 3 1 3 1 3 1 3 1 3 1 3 1 3 1 3 
7823602499653155270 3 1 3 1 3 1 3 1 3 1 3 1 3 1 3 
18015968144895094608 3 1 3 1 3 1 3 1 3 1 3 1 3 1 3 
5813928563410404858 3 1 3 1 3 1 3 1 3 1 3 1 3 1 3 
